# This file was generated by Animated Java via MC-Build. It is not recommended to edit this file directly.
$data merge entity $(bone_main) { transformation: [-0.9995335908367129f,0.030538513209822656f,1.2246467991473532e-16f,0.009114375000000001f,0.030538513209822656f,0.9995335908367129f,0f,0.665676875f,-1.2240756126584407e-16f,3.739889245312848e-18f,-1f,0.005208125000000001f,0f,0f,0f,1f], start_interpolation: 0, interpolation_duration: 1 }
$data merge entity $(bone_leftpupil) { transformation: [-0.9987124801004054f,0.05072851359637341f,1.2246467991473532e-16f,0.10532056798572477f,0.05072851359637341f,0.9987124801004054f,0f,0.5415052129288165f,-1.2230700420234762e-16f,6.2124511801301684e-18f,-1f,-0.27734375f,0f,0f,0f,1f], start_interpolation: 0, interpolation_duration: 1 }
$data merge entity $(bone_rightpupil) { transformation: [-0.9987124801004054f,0.05072851359637341f,1.2246467991473532e-16f,-0.10690583403561137f,0.05072851359637341f,0.9987124801004054f,0f,0.5522850220680459f,-1.2230700420234762e-16f,6.2124511801301684e-18f,-1f,-0.27734375f,0f,0f,0f,1f], start_interpolation: 0, interpolation_duration: 1 }
$data merge entity $(bone_eyes) { transformation: [-0.9987124801004054f,0.05072851359637341f,1.2246467991473532e-16f,3.348643591418544e-17f,0.05072851359637341f,0.9987124801004054f,0f,0.5625f,-1.2230700420234762e-16f,6.2124511801301684e-18f,-1f,-0.2734375f,0f,0f,0f,1f], start_interpolation: 0, interpolation_duration: 1 }
$data merge entity $(bone_rightarm) { transformation: [-0.99780146829205f,-0.06627390040000014f,1.2246467991473532e-16f,0.25f,-0.06627390040000014f,0.99780146829205f,0f,0.54921875f,-1.2219543743283882e-16f,-8.116211999187067e-18f,-1f,3.061616997868383e-17f,0f,0f,0f,1f], start_interpolation: 0, interpolation_duration: 1 }
$data merge entity $(bone_leftarm) { transformation: [-0.9972501850994857f,0.07410849019539925f,1.2246467991473532e-16f,-0.25f,0.07410849019539925f,0.9972501850994857f,0f,0.5690625f,-1.2212792471311907e-16f,9.07567253074387e-18f,-1f,-3.061616997868383e-17f,0f,0f,0f,1f], start_interpolation: 0, interpolation_duration: 1 }
$data merge entity $(bone_rightleg) { transformation: [-0.9985366703262117f,0.05407881298477529f,1.2246467991473532e-16f,-0.125f,0.05407881298477529f,0.9985366703262117f,0f,0.31765625f,-1.222854737146251e-16f,6.6227445223493385e-18f,-1f,-1.5308084989341915e-17f,0f,0f,0f,1f], start_interpolation: 0, interpolation_duration: 1 }