# This file was generated by Animated Java via MC-Build. It is not recommended to edit this file directly.
$data merge entity $(bone_main) { transformation: [-0.9537169507482269f,0.30070579950427306f,1.2246467991473532e-16f,0.044270625f,0.30070579950427306f,0.9537169507482269f,0f,0.703645625f,-1.16796641102639e-16f,3.6825839484795376e-17f,-1f,0.005208125000000005f,0f,0f,0f,1f], start_interpolation: 0, interpolation_duration: 1 }
$data merge entity $(bone_rightarm) { transformation: [-0.7880107536067219f,-0.6156614753256584f,1.2246467991473532e-16f,0.25f,-0.6156614753256584f,0.7880107536067219f,0f,0.44375f,-9.650348470981656e-17f,-7.539678551159047e-17f,-1f,3.061616997868383e-17f,0f,0f,0f,1f], start_interpolation: 0, interpolation_duration: 1 }
$data merge entity $(bone_leftarm) { transformation: [-0.7372773368101242f,0.6755902076156601f,1.2246467991473532e-16f,-0.25f,0.6755902076156601f,0.7372773368101242f,0f,0.6421874999999999f,-9.029043306084037e-17f,8.27359385291814e-17f,-1f,-3.061616997868383e-17f,0f,0f,0f,1f], start_interpolation: 0, interpolation_duration: 1 }
$data merge entity $(bone_rightleg) { transformation: [-0.8571673007021123f,0.5150380749100542f,1.2246467991473532e-16f,-0.125f,0.5150380749100542f,0.8571673007021123f,0f,0.378125f,-1.0497271911386187e-16f,6.307397298776126e-17f,-1f,-1.5308084989341915e-17f,0f,0f,0f,1f], start_interpolation: 0, interpolation_duration: 1 }