# This file was generated by Animated Java via MC-Build. It is not recommended to edit this file directly.
$data merge entity $(bone_main) { transformation: [-0.9981347984218669f,0.06104853953485686f,1.2246467991473532e-16f,0.013020625000000001f,0.06104853953485686f,0.9981347984218669f,0f,0.669895625f,-1.2223625860049279e-16f,7.476289853398309e-18f,-1f,0.005208125000000002f,0f,0f,0f,1f], start_interpolation: 0, interpolation_duration: 1 }
$data merge entity $(bone_leftpupil) { transformation: [-0.9948532358166051f,0.10132639925128245f,1.2246467991473532e-16f,0.10411993131721303f,0.10132639925128245f,0.9948532358166051f,0f,0.5361894882699167f,-1.2183438308641925e-16f,1.2408905051220981e-17f,-1f,-0.27734375f,0f,0f,0f,1f], start_interpolation: 0, interpolation_duration: 1 }
$data merge entity $(bone_rightpupil) { transformation: [-0.9948532358166051f,0.10132639925128245f,1.2246467991473532e-16f,-0.10728638129381556f,0.10132639925128245f,0.9948532358166051f,0f,0.5577213481108143f,-1.2183438308641925e-16f,1.2408905051220981e-17f,-1f,-0.27734375f,0f,0f,0f,1f], start_interpolation: 0, interpolation_duration: 1 }
$data merge entity $(bone_eyes) { transformation: [-0.9948532358166051f,0.10132639925128245f,1.2246467991473532e-16f,3.348643591418544e-17f,0.10132639925128245f,0.9948532358166051f,0f,0.5625f,-1.2183438308641925e-16f,1.2408905051220981e-17f,-1f,-0.2734375f,0f,0f,0f,1f], start_interpolation: 0, interpolation_duration: 1 }
$data merge entity $(bone_rightarm) { transformation: [-0.9912155402515417f,-0.13225639025712246f,1.2246467991473532e-16f,0.25f,-0.13225639025712246f,0.9912155402515417f,0f,0.5375f,-1.213888938634165e-16f,-1.619673649951682e-17f,-1f,3.061616997868383e-17f,0f,0f,0f,1f], start_interpolation: 0, interpolation_duration: 1 }
$data merge entity $(bone_leftarm) { transformation: [-0.9890158633619168f,0.14780941112961063f,1.2246467991473532e-16f,-0.25f,0.14780941112961063f,0.9890158633619168f,0f,0.5771875f,-1.2111951113721276e-16f,1.8101432222373284e-17f,-1f,-3.061616997868383e-17f,0f,0f,0f,1f], start_interpolation: 0, interpolation_duration: 1 }
$data merge entity $(bone_rightleg) { transformation: [-0.9941509639723154f,0.10799935570602286f,1.2246467991473532e-16f,-0.125f,0.10799935570602286f,0.9941509639723154f,0f,0.32437499999999997f,-1.2174837958979517e-16f,1.3226106527535732e-17f,-1f,-1.5308084989341915e-17f,0f,0f,0f,1f], start_interpolation: 0, interpolation_duration: 1 }