# This file was generated by Animated Java via MC-Build. It is not recommended to edit this file directly.
$data merge entity $(bone_main) { transformation: [-0.9958049275746618f,0.0915016186634024f,1.2246467991473532e-16f,0.016926875f,0.0915016186634024f,0.9958049275746618f,0f,0.674114375f,-1.2195093171294713e-16f,1.1205716441293746e-17f,-1f,0.005208125000000002f,0f,0f,0f,1f], start_interpolation: 0, interpolation_duration: 1 }
$data merge entity $(bone_leftpupil) { transformation: [-0.9884322048562248f,0.15166336539541087f,1.2246467991473532e-16f,0.10265118168167062f,0.15166336539541087f,0.9884322048562248f,0f,0.5309415142258591f,-1.2104803358513367e-16f,1.8573405497940537e-17f,-1f,-0.27734375f,0f,0f,0f,1f], start_interpolation: 0, interpolation_duration: 1 }
$data merge entity $(bone_rightpupil) { transformation: [-0.9884322048562248f,0.15166336539541087f,1.2246467991473532e-16f,-0.10739066185027715f,0.15166336539541087f,0.9884322048562248f,0f,0.5631699793723839f,-1.2104803358513367e-16f,1.8573405497940537e-17f,-1f,-0.27734375f,0f,0f,0f,1f], start_interpolation: 0, interpolation_duration: 1 }
$data merge entity $(bone_eyes) { transformation: [-0.9884322048562248f,0.15166336539541087f,1.2246467991473532e-16f,3.348643591418544e-17f,0.15166336539541087f,0.9884322048562248f,0f,0.5625f,-1.2104803358513367e-16f,1.8573405497940537e-17f,-1f,-0.2734375f,0f,0f,0f,1f], start_interpolation: 0, interpolation_duration: 1 }
$data merge entity $(bone_rightarm) { transformation: [-0.9802711746217219f,-0.19765734037912616f,1.2246467991473532e-16f,0.25f,-0.19765734037912616f,0.9802711746217219f,0f,0.52578125f,-1.200485956296908e-16f,-2.4206042922327573e-17f,-1f,3.061616997868383e-17f,0f,0f,0f,1f], start_interpolation: 0, interpolation_duration: 1 }
$data merge entity $(bone_leftarm) { transformation: [-0.9753423205085127f,0.2206974350215011f,1.2246467991473532e-16f,-0.25f,0.2206974350215011f,0.9753423205085127f,0f,0.5853125f,-1.1944498508837018e-16f,2.702764073791123e-17f,-1f,-3.061616997868383e-17f,0f,0f,0f,1f], start_interpolation: 0, interpolation_duration: 1 }
$data merge entity $(bone_rightleg) { transformation: [-0.9868557164068072f,0.16160382110336113f,1.2246467991473532e-16f,-0.125f,0.16160382110336113f,0.9868557164068072f,0f,0.33109374999999996f,-1.2085496943178647e-16f,1.979076022442127e-17f,-1f,-1.5308084989341915e-17f,0f,0f,0f,1f], start_interpolation: 0, interpolation_duration: 1 }