# This file was generated by Animated Java via MC-Build. It is not recommended to edit this file directly.
$data merge entity $(bone_main) { transformation: [-0.992546151641322f,0.12186934340514746f,1.2246467991473532e-16f,0.020833125f,0.12186934340514746f,0.992546151641322f,0f,0.678333125f,-1.2155184676135683e-16f,1.4924690131530345e-17f,-1f,0.005208125000000003f,0f,0f,0f,1f], start_interpolation: 0, interpolation_duration: 1 }
$data merge entity $(bone_leftpupil) { transformation: [-0.9794659216295394f,0.20160979233756715f,1.2246467991473532e-16f,0.1009181011678641f,0.20160979233756715f,0.9794659216295394f,0f,0.525774804538672f,-1.1994998057975277e-16f,2.4690078686296417e-17f,-1f,-0.27734375f,0f,0f,0f,1f], start_interpolation: 0, interpolation_duration: 1 }
$data merge entity $(bone_rightpupil) { transformation: [-0.9794659216295394f,0.20160979233756715f,1.2246467991473532e-16f,-0.10721840717841304f,0.20160979233756715f,0.9794659216295394f,0f,0.568616885410405f,-1.1994998057975277e-16f,2.4690078686296417e-17f,-1f,-0.27734375f,0f,0f,0f,1f], start_interpolation: 0, interpolation_duration: 1 }
$data merge entity $(bone_eyes) { transformation: [-0.9794659216295394f,0.20160979233756715f,1.2246467991473532e-16f,3.348643591418544e-17f,0.20160979233756715f,0.9794659216295394f,0f,0.5625f,-1.1994998057975277e-16f,2.4690078686296417e-17f,-1f,-0.2734375f,0f,0f,0f,1f], start_interpolation: 0, interpolation_duration: 1 }
$data merge entity $(bone_rightarm) { transformation: [-0.9650164944723114f,-0.2621891786408648f,1.2246467991473532e-16f,0.25f,-0.2621891786408648f,0.9650164944723114f,0f,0.5140625f,-1.1818043610799155e-16f,-3.210891383936086e-17f,-1f,3.061616997868383e-17f,0f,0f,0f,1f], start_interpolation: 0, interpolation_duration: 1 }
$data merge entity $(bone_leftarm) { transformation: [-0.9563047559630354f,0.29237170472273677f,1.2246467991473532e-16f,-0.25f,0.29237170472273677f,0.9563047559630354f,0f,0.5934375f,-1.1711355583995222e-16f,3.580520723499547e-17f,-1f,-3.061616997868383e-17f,0f,0f,0f,1f], start_interpolation: 0, interpolation_duration: 1 }
$data merge entity $(bone_rightleg) { transformation: [-0.9766722783341679f,0.21473532716706317f,1.2246467991473532e-16f,-0.125f,0.21473532716706317f,0.9766722783341679f,0f,0.33781249999999996f,-1.1960785794778915e-16f,2.629749310790036e-17f,-1f,-1.5308084989341915e-17f,0f,0f,0f,1f], start_interpolation: 0, interpolation_duration: 1 }