# This file was generated by Animated Java via MC-Build. It is not recommended to edit this file directly.
$data merge entity $(bone_main) { transformation: [-0.9624552364536473f,0.2714404498650743f,1.2246467991473532e-16f,0.040364375000000015f,0.2714404498650743f,0.9624552364536473f,0f,0.699426875f,-1.1786677246455682e-16f,3.3241867808638084e-17f,-1f,0.005208125000000005f,0f,0f,0f,1f], start_interpolation: 0, interpolation_duration: 1 }
$data merge entity $(bone_leftpupil) { transformation: [-0.9309805343147786f,0.36506882190481493f,1.2246467991473532e-16f,0.09321248142868252f,0.36506882190481493f,0.9309805343147786f,0f,0.509164866823945f,-1.140122331417086e-16f,4.470803642142267e-17f,-1f,-0.27734375f,0f,0f,0f,1f], start_interpolation: 0, interpolation_duration: 1 }
$data merge entity $(bone_rightpupil) { transformation: [-0.9309805343147786f,0.36506882190481493f,1.2246467991473532e-16f,-0.10462088211320793f,0.36506882190481493f,0.9309805343147786f,0f,0.5867419914787182f,-1.140122331417086e-16f,4.470803642142267e-17f,-1f,-0.27734375f,0f,0f,0f,1f], start_interpolation: 0, interpolation_duration: 1 }
$data merge entity $(bone_eyes) { transformation: [-0.9309805343147786f,0.36506882190481493f,1.2246467991473532e-16f,3.348643591418544e-17f,0.36506882190481493f,0.9309805343147786f,0f,0.5625f,-1.140122331417086e-16f,4.470803642142267e-17f,-1f,-0.2734375f,0f,0f,0f,1f], start_interpolation: 0, interpolation_duration: 1 }
$data merge entity $(bone_rightarm) { transformation: [-0.8270805742745616f,-0.5620833778521309f,1.2246467991473532e-16f,0.25f,-0.5620833778521309f,0.8270805742745616f,0f,0.4554687499999999f,-1.0128815779222965e-16f,-6.883536095405444e-17f,-1f,3.061616997868383e-17f,0f,0f,0f,1f], start_interpolation: 0, interpolation_duration: 1 }
$data merge entity $(bone_leftarm) { transformation: [-0.7853169308807448f,0.6190939493098341f,1.2246467991473532e-16f,-0.25f,0.6190939493098341f,0.7853169308807448f,0f,0.6340625f,-9.617358657193274e-17f,7.581714233937821e-17f,-1f,-3.061616997868383e-17f,0f,0f,0f,1f], start_interpolation: 0, interpolation_duration: 1 }
$data merge entity $(bone_rightleg) { transformation: [-0.8837656300886934f,0.46792981426057356f,1.2246467991473532e-16f,-0.125f,0.46792981426057356f,0.8837656300886934f,0f,0.37140625f,-1.0823007500845622e-16f,5.73048749259827e-17f,-1f,-1.5308084989341915e-17f,0f,0f,0f,1f], start_interpolation: 0, interpolation_duration: 1 }