# This file was generated by Animated Java via MC-Build. It is not recommended to edit this file directly.
$data merge entity $(bone_main) { transformation: [-0.9702957262759965f,0.24192189559966765f,1.2246467991473532e-16f,0.036458124999999994f,0.24192189559966765f,0.9702957262759965f,0f,0.695208125f,-1.1882695554102554e-16f,2.9626887508979314e-17f,-1f,0.005208125000000004f,0f,0f,0f,1f], start_interpolation: 0, interpolation_duration: 1 }
$data merge entity $(bone_leftpupil) { transformation: [-0.9453324572682857f,0.32610818026401106f,1.2246467991473532e-16f,0.09534613326813021f,0.32610818026401106f,0.9453324572682857f,0f,0.5130801862021318f,-1.1576983679237082e-16f,3.993673391360892e-17f,-1f,-0.27734375f,0f,0f,0f,1f], start_interpolation: 0, interpolation_duration: 1 }
$data merge entity $(bone_rightpupil) { transformation: [-0.9453324572682857f,0.32610818026401106f,1.2246467991473532e-16f,-0.1055370139013805f,0.32610818026401106f,0.9453324572682857f,0f,0.5823781745082341f,-1.1576983679237082e-16f,3.993673391360892e-17f,-1f,-0.27734375f,0f,0f,0f,1f], start_interpolation: 0, interpolation_duration: 1 }
$data merge entity $(bone_eyes) { transformation: [-0.9453324572682857f,0.32610818026401106f,1.2246467991473532e-16f,3.348643591418544e-17f,0.32610818026401106f,0.9453324572682857f,0f,0.5625f,-1.1576983679237082e-16f,3.993673391360892e-17f,-1f,-0.2734375f,0f,0f,0f,1f], start_interpolation: 0, interpolation_duration: 1 }
$data merge entity $(bone_rightarm) { transformation: [-0.8625136692072575f,-0.5060337641211637f,1.2246467991473532e-16f,0.25f,-0.5060337641211637f,0.8625136692072575f,0f,0.4671875f,-1.0562746042155069e-16f,-6.1971262949147e-17f,-1f,3.061616997868383e-17f,0f,0f,0f,1f], start_interpolation: 0, interpolation_duration: 1 }
$data merge entity $(bone_leftarm) { transformation: [-0.8290375725550417f,0.5591929034707468f,1.2246467991473532e-16f,-0.25f,0.5591929034707468f,0.8290375725550417f,0f,0.6259375f,-1.0152782096024235e-16f,6.848137993413649e-17f,-1f,-3.061616997868383e-17f,0f,0f,0f,1f], start_interpolation: 0, interpolation_duration: 1 }
$data merge entity $(bone_rightleg) { transformation: [-0.9077774785329087f,0.419452082446177f,1.2246467991473532e-16f,-0.125f,0.419452082446177f,0.9077774785329087f,0f,0.36468749999999994f,-1.1117067834233817e-16f,5.136806501634024e-17f,-1f,-1.5308084989341915e-17f,0f,0f,0f,1f], start_interpolation: 0, interpolation_duration: 1 }