# This file was generated by Animated Java via MC-Build. It is not recommended to edit this file directly.
$data merge entity $(bone_main) { transformation: [-0.9772311064626789f,0.21217767215644634f,1.2246467991473532e-16f,0.03255187500000001f,0.21217767215644634f,0.9772311064626789f,0f,0.690989375f,-1.196762946556746e-16f,2.598427070569285e-17f,-1f,0.005208125000000004f,0f,0f,0f,1f], start_interpolation: 0, interpolation_duration: 1 }
$data merge entity $(bone_leftpupil) { transformation: [-0.958054712817017f,0.2865853577018599f,1.2246467991473532e-16f,0.09731541702271654f,0.2865853577018599f,0.958054712817017f,0f,0.5170807008564114f,-1.1732786374593967e-16f,3.50965840992082e-17f,-1f,-0.27734375f,0f,0f,0f,1f], start_interpolation: 0, interpolation_duration: 1 }
$data merge entity $(bone_rightpupil) { transformation: [-0.958054712817017f,0.2865853577018599f,1.2246467991473532e-16f,-0.10627120945089956f,0.2865853577018599f,0.958054712817017f,0f,0.5779800893680567f,-1.1732786374593967e-16f,3.50965840992082e-17f,-1f,-0.27734375f,0f,0f,0f,1f], start_interpolation: 0, interpolation_duration: 1 }
$data merge entity $(bone_eyes) { transformation: [-0.958054712817017f,0.2865853577018599f,1.2246467991473532e-16f,3.348643591418544e-17f,0.2865853577018599f,0.958054712817017f,0f,0.5625f,-1.1732786374593967e-16f,3.50965840992082e-17f,-1f,-0.2734375f,0f,0f,0f,1f], start_interpolation: 0, interpolation_duration: 1 }
$data merge entity $(bone_rightarm) { transformation: [-0.8941542368393681f,-0.44775908783876983f,1.2246467991473532e-16f,0.25f,-0.44775908783876983f,0.8941542368393681f,0f,0.47890625f,-1.0950231240893765e-16f,-5.4834673371088806e-17f,-1f,3.061616997868383e-17f,0f,0f,0f,1f], start_interpolation: 0, interpolation_duration: 1 }
$data merge entity $(bone_leftarm) { transformation: [-0.8681988144891423f,0.49621650367520825f,1.2246467991473532e-16f,-0.25f,0.49621650367520825f,0.8681988144891423f,0f,0.6178125f,-1.0632368991876548e-16f,6.076899529099347e-17f,-1f,-3.061616997868383e-17f,0f,0f,0f,1f], start_interpolation: 0, interpolation_duration: 1 }
$data merge entity $(bone_rightleg) { transformation: [-0.9291325715340562f,0.36974675727382944f,1.2246467991473532e-16f,-0.125f,0.36974675727382944f,0.9291325715340562f,0f,0.35796875f,-1.1378592297127311e-16f,4.5280918279050854e-17f,-1f,-1.5308084989341915e-17f,0f,0f,0f,1f], start_interpolation: 0, interpolation_duration: 1 }