# This file was generated by Animated Java via MC-Build. It is not recommended to edit this file directly.
$data merge entity $(bone_main) { transformation: [-0.9832549075639546f,0.18223552549214733f,1.2246467991473532e-16f,0.028645624999999987f,0.18223552549214733f,0.9832549075639546f,0f,0.686770625f,-1.2041399752941237e-16f,2.2317415298489413e-17f,-1f,0.0052081250000000036f,0f,0f,0f,1f], start_interpolation: 0, interpolation_duration: 1 }
$data merge entity $(bone_leftpupil) { transformation: [-0.9691253689464485f,0.24656848797932396f,1.2246467991473532e-16f,0.09911693782588325f,0.24656848797932396f,0.9691253689464485f,0f,0.5211595142624086f,-1.1868362810527658e-16f,3.0195930957448174e-17f,-1f,-0.27734375f,0f,0f,0f,1f], start_interpolation: 0, interpolation_duration: 1 }
$data merge entity $(bone_rightpupil) { transformation: [-0.9691253689464485f,0.24656848797932396f,1.2246467991473532e-16f,-0.10682220307523706f,0.24656848797932396f,0.9691253689464485f,0f,0.573555317958015f,-1.1868362810527658e-16f,3.0195930957448174e-17f,-1f,-0.27734375f,0f,0f,0f,1f], start_interpolation: 0, interpolation_duration: 1 }
$data merge entity $(bone_eyes) { transformation: [-0.9691253689464485f,0.24656848797932396f,1.2246467991473532e-16f,3.348643591418544e-17f,0.24656848797932396f,0.9691253689464485f,0f,0.5625f,-1.1868362810527658e-16f,3.0195930957448174e-17f,-1f,-0.2734375f,0f,0f,0f,1f], start_interpolation: 0, interpolation_duration: 1 }
$data merge entity $(bone_rightarm) { transformation: [-0.9218631515885006f,-0.3875155864521027f,1.2246467991473532e-16f,0.25f,-0.3875155864521027f,0.9218631515885006f,0f,0.49062500000000003f,-1.1289567578447485e-16f,-4.7456972256827705e-17f,-1f,3.061616997868383e-17f,0f,0f,0f,1f], start_interpolation: 0, interpolation_duration: 1 }
$data merge entity $(bone_leftarm) { transformation: [-0.9025852843498607f,0.4305110968082949f,1.2246467991473532e-16f,-0.25f,0.4305110968082949f,0.9025852843498607f,0f,0.6096874999999999f,-1.1053481794365606e-16f,5.2722403670369467e-17f,-1f,-3.061616997868383e-17f,0f,0f,0f,1f], start_interpolation: 0, interpolation_duration: 1 }
$data merge entity $(bone_rightleg) { transformation: [-0.9477684100095858f,0.3189593092980697f,1.2246467991473532e-16f,-0.125f,0.3189593092980697f,0.9477684100095858f,0f,0.35124999999999995f,-1.1606815496512154e-16f,3.9061249719013166e-17f,-1f,-1.5308084989341915e-17f,0f,0f,0f,1f], start_interpolation: 0, interpolation_duration: 1 }