# This file was generated by Animated Java via MC-Build. It is not recommended to edit this file directly.
$data merge entity $(bone_main) { transformation: [-0.992546151641322f,0.1218693434051476f,1.2246467991473532e-16f,0.020833125000000015f,0.1218693434051476f,0.992546151641322f,0f,0.678333125f,-1.2155184676135683e-16f,1.492469013153036e-17f,-1f,0.005208125000000003f,0f,0f,0f,1f], start_interpolation: 0, interpolation_duration: 1 }
$data merge entity $(bone_leftpupil) { transformation: [-0.9862384238276983f,0.16532928163473404f,1.2246467991473532e-16f,0.10220456250615026f,0.16532928163473404f,0.9862384238276983f,0f,0.5295237884540017f,-1.2077937289367214e-16f,2.0246997555930834e-17f,-1f,-0.27734375f,0f,0f,0f,1f], start_interpolation: 0, interpolation_duration: 1 }
$data merge entity $(bone_rightpupil) { transformation: [-0.9862384238276983f,0.16532928163473404f,1.2246467991473532e-16f,-0.10737110255723563f,0.16532928163473404f,0.9862384238276983f,0f,0.5646562608013828f,-1.2077937289367214e-16f,2.0246997555930834e-17f,-1f,-0.27734375f,0f,0f,0f,1f], start_interpolation: 0, interpolation_duration: 1 }
$data merge entity $(bone_eyes) { transformation: [-0.9862384238276983f,0.16532928163473404f,1.2246467991473532e-16f,3.348643591418544e-17f,0.16532928163473404f,0.9862384238276983f,0f,0.5625f,-1.2077937289367214e-16f,2.0246997555930834e-17f,-1f,-0.2734375f,0f,0f,0f,1f], start_interpolation: 0, interpolation_duration: 1 }
$data merge entity $(bone_rightarm) { transformation: [-0.9650164944723114f,-0.26218917864086494f,1.2246467991473532e-16f,0.25f,-0.26218917864086494f,0.9650164944723114f,0f,0.5140625f,-1.1818043610799155e-16f,-3.2108913839360885e-17f,-1f,3.061616997868383e-17f,0f,0f,0f,1f], start_interpolation: 0, interpolation_duration: 1 }
$data merge entity $(bone_leftarm) { transformation: [-0.9563047559630354f,0.292371704722737f,1.2246467991473532e-16f,-0.25f,0.292371704722737f,0.9563047559630354f,0f,0.5934375000000001f,-1.1711355583995222e-16f,3.5805207234995494e-17f,-1f,-3.061616997868383e-17f,0f,0f,0f,1f], start_interpolation: 0, interpolation_duration: 1 }
$data merge entity $(bone_rightleg) { transformation: [-0.9766722783341678f,0.2147353271670634f,1.2246467991473532e-16f,-0.125f,0.2147353271670634f,0.9766722783341678f,0f,0.3378125f,-1.1960785794778915e-16f,2.6297493107900388e-17f,-1f,-1.5308084989341915e-17f,0f,0f,0f,1f], start_interpolation: 0, interpolation_duration: 1 }