# This file was generated by Animated Java via MC-Build. It is not recommended to edit this file directly.
$data merge entity $(bone_main) { transformation: [-0.9958049275746618f,0.09150161866340234f,1.2246467991473532e-16f,0.016926874999999994f,0.09150161866340234f,0.9958049275746618f,0f,0.674114375f,-1.2195093171294713e-16f,1.120571644129374e-17f,-1f,0.005208125000000002f,0f,0f,0f,1f], start_interpolation: 0, interpolation_duration: 1 }
$data merge entity $(bone_leftpupil) { transformation: [-0.9922513212252349f,0.12424699403517067f,1.2246467991473532e-16f,0.10348534359838168f,0.12424699403517067f,0.9922513212252349f,0f,0.5337948299896188f,-1.215157404488216e-16f,1.5215868354885206e-17f,-1f,-0.27734375f,0f,0f,0f,1f], start_interpolation: 0, interpolation_duration: 1 }
$data merge entity $(bone_rightpupil) { transformation: [-0.9922513212252349f,0.12424699403517067f,1.2246467991473532e-16f,-0.1073680621619807f,0.12424699403517067f,0.9922513212252349f,0f,0.5601973162220926f,-1.215157404488216e-16f,1.5215868354885206e-17f,-1f,-0.27734375f,0f,0f,0f,1f], start_interpolation: 0, interpolation_duration: 1 }
$data merge entity $(bone_eyes) { transformation: [-0.9922513212252349f,0.12424699403517067f,1.2246467991473532e-16f,3.348643591418544e-17f,0.12424699403517067f,0.9922513212252349f,0f,0.5625f,-1.215157404488216e-16f,1.5215868354885206e-17f,-1f,-0.2734375f,0f,0f,0f,1f], start_interpolation: 0, interpolation_duration: 1 }
$data merge entity $(bone_rightarm) { transformation: [-0.9802711746217219f,-0.19765734037912602f,1.2246467991473532e-16f,0.25f,-0.19765734037912602f,0.9802711746217219f,0f,0.52578125f,-1.200485956296908e-16f,-2.4206042922327558e-17f,-1f,3.061616997868383e-17f,0f,0f,0f,1f], start_interpolation: 0, interpolation_duration: 1 }
$data merge entity $(bone_leftarm) { transformation: [-0.9753423205085128f,0.22069743502150097f,1.2246467991473532e-16f,-0.25f,0.22069743502150097f,0.9753423205085128f,0f,0.5853124999999999f,-1.194449850883702e-16f,2.7027640737911213e-17f,-1f,-3.061616997868383e-17f,0f,0f,0f,1f], start_interpolation: 0, interpolation_duration: 1 }
$data merge entity $(bone_rightleg) { transformation: [-0.9868557164068074f,0.161603821103361f,1.2246467991473532e-16f,-0.125f,0.161603821103361f,0.9868557164068074f,0f,0.33109374999999996f,-1.2085496943178647e-16f,1.9790760224421254e-17f,-1f,-1.5308084989341915e-17f,0f,0f,0f,1f], start_interpolation: 0, interpolation_duration: 1 }