# This file was generated by Animated Java via MC-Build. It is not recommended to edit this file directly.
$data merge entity $(bone_main) { transformation: [-0.9995335908367129f,0.030538513209822534f,1.2246467991473532e-16f,0.009114374999999987f,0.030538513209822534f,0.9995335908367129f,0f,0.665676875f,-1.2240756126584407e-16f,3.7398892453128326e-18f,-1f,0.005208125000000001f,0f,0f,0f,1f], start_interpolation: 0, interpolation_duration: 1 }
$data merge entity $(bone_leftpupil) { transformation: [-0.9991380453552368f,0.041511038576707314f,1.2246467991473532e-16f,0.10550980734123289f,0.041511038576707314f,0.9991380453552368f,0f,0.5424779201925493f,-1.2235912091506338e-16f,5.083636052224691e-18f,-1f,-0.27734375f,0f,0f,0f,1f], start_interpolation: 0, interpolation_duration: 1 }
$data merge entity $(bone_rightpupil) { transformation: [-0.9991380453552368f,0.041511038576707314f,1.2246467991473532e-16f,-0.10680702729675491f,0.041511038576707314f,0.9991380453552368f,0f,0.5512990158900996f,-1.2235912091506338e-16f,5.083636052224691e-18f,-1f,-0.27734375f,0f,0f,0f,1f], start_interpolation: 0, interpolation_duration: 1 }
$data merge entity $(bone_eyes) { transformation: [-0.9991380453552368f,0.041511038576707314f,1.2246467991473532e-16f,3.348643591418544e-17f,0.041511038576707314f,0.9991380453552368f,0f,0.5625f,-1.2235912091506338e-16f,5.083636052224691e-18f,-1f,-0.2734375f,0f,0f,0f,1f], start_interpolation: 0, interpolation_duration: 1 }
$data merge entity $(bone_rightarm) { transformation: [-0.99780146829205f,-0.06627390039999984f,1.2246467991473532e-16f,0.25f,-0.06627390039999984f,0.99780146829205f,0f,0.54921875f,-1.2219543743283882e-16f,-8.116211999187028e-18f,-1f,3.061616997868383e-17f,0f,0f,0f,1f], start_interpolation: 0, interpolation_duration: 1 }
$data merge entity $(bone_leftarm) { transformation: [-0.9972501850994857f,0.074108490195399f,1.2246467991473532e-16f,-0.25f,0.074108490195399f,0.9972501850994857f,0f,0.5690624999999999f,-1.2212792471311907e-16f,9.075672530743839e-18f,-1f,-3.061616997868383e-17f,0f,0f,0f,1f], start_interpolation: 0, interpolation_duration: 1 }
$data merge entity $(bone_rightleg) { transformation: [-0.9985366703262117f,0.05407881298477507f,1.2246467991473532e-16f,-0.125f,0.05407881298477507f,0.9985366703262117f,0f,0.31765625f,-1.222854737146251e-16f,6.6227445223493116e-18f,-1f,-1.5308084989341915e-17f,0f,0f,0f,1f], start_interpolation: 0, interpolation_duration: 1 }