# This file was generated by Animated Java via MC-Build. It is not recommended to edit this file directly.
$data merge entity $(bone_main) { transformation: [-0.9883615104677607f,0.1521233861899167f,1.2246467991473532e-16f,0.024739375f,0.1521233861899167f,0.9883615104677607f,0f,0.682551875f,-1.2103937601947863e-16f,1.8629741797293815e-17f,-1f,0.005208125000000003f,0f,0f,0f,1f], start_interpolation: 0, interpolation_duration: 1 }
$data merge entity $(bone_leftpupil) { transformation: [-0.9679774746727083f,0.2510370660405479f,1.2246467991473532e-16f,0.09892515252709173f,0.2510370660405479f,0.9679774746727083f,0f,0.5207026636914307f,-1.1854305160046705e-16f,3.074317393938997e-17f,-1f,-0.27734375f,0f,0f,0f,1f], start_interpolation: 0, interpolation_duration: 1 }
$data merge entity $(bone_rightpupil) { transformation: [-0.9679774746727083f,0.2510370660405479f,1.2246467991473532e-16f,-0.10677006084085876f,0.2510370660405479f,0.9679774746727083f,0f,0.5740480402250472f,-1.1854305160046705e-16f,3.074317393938997e-17f,-1f,-0.27734375f,0f,0f,0f,1f], start_interpolation: 0, interpolation_duration: 1 }
$data merge entity $(bone_eyes) { transformation: [-0.9679774746727083f,0.2510370660405479f,1.2246467991473532e-16f,3.348643591418544e-17f,0.2510370660405479f,0.9679774746727083f,0f,0.5625f,-1.1854305160046705e-16f,3.074317393938997e-17f,-1f,-0.2734375f,0f,0f,0f,1f], start_interpolation: 0, interpolation_duration: 1 }
$data merge entity $(bone_rightarm) { transformation: [-0.9455185755993168f,-0.3255681544571567f,1.2246467991473532e-16f,0.25f,-0.3255681544571567f,0.9455185755993168f,0f,0.50234375f,-1.157926297142068e-16f,-3.98705998260268e-17f,-1f,3.061616997868383e-17f,0f,0f,0f,1f], start_interpolation: 0, interpolation_duration: 1 }
$data merge entity $(bone_leftarm) { transformation: [-0.9320078692827986f,0.36243803828370164f,1.2246467991473532e-16f,-0.25f,0.36243803828370164f,0.9320078692827986f,0f,0.6015625f,-1.141380453897324e-16f,4.438585834733811e-17f,-1f,-3.061616997868383e-17f,0f,0f,0f,1f], start_interpolation: 0, interpolation_duration: 1 }
$data merge entity $(bone_rightleg) { transformation: [-0.963630453208623f,0.26723837607825685f,1.2246467991473532e-16f,-0.125f,0.26723837607825685f,0.963630453208623f,0f,0.34453124999999996f,-1.1801069500828535e-16f,3.2727262187357386e-17f,-1f,-1.5308084989341915e-17f,0f,0f,0f,1f], start_interpolation: 0, interpolation_duration: 1 }