# This file was generated by Animated Java via MC-Build. It is not recommended to edit this file directly.
$data merge entity $(bone_main) { transformation: [-0.9832549075639546f,0.18223552549214744f,1.2246467991473532e-16f,0.028645625f,0.18223552549214744f,0.9832549075639546f,0f,0.6867706250000001f,-1.2041399752941237e-16f,2.2317415298489425e-17f,-1f,0.0052081250000000036f,0f,0f,0f,1f], start_interpolation: 0, interpolation_duration: 1 }
$data merge entity $(bone_leftpupil) { transformation: [-0.9539964471938762f,0.2998179093074025f,1.2246467991473532e-16f,0.09667746768142121f,0.2998179093074025f,0.9539964471938762f,0f,0.5157381526486842f,-1.1683086954539276e-16f,3.671710429603619e-17f,-1f,-0.27734375f,0f,0f,0f,1f], start_interpolation: 0, interpolation_duration: 1 }
$data merge entity $(bone_rightpupil) { transformation: [-0.9539964471938762f,0.2998179093074025f,1.2246467991473532e-16f,-0.10604677734727747f,0.2998179093074025f,0.9539964471938762f,0f,0.5794494583765072f,-1.1683086954539276e-16f,3.671710429603619e-17f,-1f,-0.27734375f,0f,0f,0f,1f], start_interpolation: 0, interpolation_duration: 1 }
$data merge entity $(bone_eyes) { transformation: [-0.9539964471938762f,0.2998179093074025f,1.2246467991473532e-16f,3.348643591418544e-17f,0.2998179093074025f,0.9539964471938762f,0f,0.5625f,-1.1683086954539276e-16f,3.671710429603619e-17f,-1f,-0.2734375f,0f,0f,0f,1f], start_interpolation: 0, interpolation_duration: 1 }
$data merge entity $(bone_rightarm) { transformation: [-0.9218631515885005f,-0.387515586452103f,1.2246467991473532e-16f,0.25f,-0.387515586452103f,0.9218631515885005f,0f,0.490625f,-1.1289567578447485e-16f,-4.7456972256827735e-17f,-1f,3.061616997868383e-17f,0f,0f,0f,1f], start_interpolation: 0, interpolation_duration: 1 }
$data merge entity $(bone_leftarm) { transformation: [-0.9025852843498606f,0.43051109680829514f,1.2246467991473532e-16f,-0.25f,0.43051109680829514f,0.9025852843498606f,0f,0.6096874999999999f,-1.1053481794365604e-16f,5.272240367036949e-17f,-1f,-3.061616997868383e-17f,0f,0f,0f,1f], start_interpolation: 0, interpolation_duration: 1 }
$data merge entity $(bone_rightleg) { transformation: [-0.9477684100095857f,0.3189593092980699f,1.2246467991473532e-16f,-0.125f,0.3189593092980699f,0.9477684100095857f,0f,0.35124999999999995f,-1.1606815496512154e-16f,3.9061249719013197e-17f,-1f,-1.5308084989341915e-17f,0f,0f,0f,1f], start_interpolation: 0, interpolation_duration: 1 }