# This file was generated by Animated Java via MC-Build. It is not recommended to edit this file directly.
$data merge entity $(bone_main) { transformation: [-0.9772311064626789f,0.21217767215644626f,1.2246467991473532e-16f,0.032551875f,0.21217767215644626f,0.9772311064626789f,0f,0.690989375f,-1.196762946556746e-16f,2.5984270705692838e-17f,-1f,0.005208125000000004f,0f,0f,0f,1f], start_interpolation: 0, interpolation_duration: 1 }
$data merge entity $(bone_leftpupil) { transformation: [-0.9375588408952347f,0.3478267095252808f,1.2246467991473532e-16f,0.0941808345087862f,0.3478267095252808f,0.9375588408952347f,0f,0.5108940552239509f,-1.1481784335146518e-16f,4.259648664780913e-17f,-1f,-0.27734375f,0f,0f,0f,1f], start_interpolation: 0, interpolation_duration: 1 }
$data merge entity $(bone_rightpupil) { transformation: [-0.9375588408952347f,0.3478267095252808f,1.2246467991473532e-16f,-0.10505041918145117f,0.3478267095252808f,0.9375588408952347f,0f,0.5848072309980731f,-1.1481784335146518e-16f,4.259648664780913e-17f,-1f,-0.27734375f,0f,0f,0f,1f], start_interpolation: 0, interpolation_duration: 1 }
$data merge entity $(bone_eyes) { transformation: [-0.9375588408952347f,0.3478267095252808f,1.2246467991473532e-16f,3.348643591418544e-17f,0.3478267095252808f,0.9375588408952347f,0f,0.5625f,-1.1481784335146518e-16f,4.259648664780913e-17f,-1f,-0.2734375f,0f,0f,0f,1f], start_interpolation: 0, interpolation_duration: 1 }
$data merge entity $(bone_rightarm) { transformation: [-0.8941542368393682f,-0.4477590878387696f,1.2246467991473532e-16f,0.25f,-0.4477590878387696f,0.8941542368393682f,0f,0.47890625f,-1.0950231240893766e-16f,-5.4834673371088776e-17f,-1f,3.061616997868383e-17f,0f,0f,0f,1f], start_interpolation: 0, interpolation_duration: 1 }
$data merge entity $(bone_leftarm) { transformation: [-0.8681988144891424f,0.49621650367520803f,1.2246467991473532e-16f,-0.25f,0.49621650367520803f,0.8681988144891424f,0f,0.6178125f,-1.0632368991876549e-16f,6.076899529099343e-17f,-1f,-3.061616997868383e-17f,0f,0f,0f,1f], start_interpolation: 0, interpolation_duration: 1 }
$data merge entity $(bone_rightleg) { transformation: [-0.9291325715340562f,0.3697467572738293f,1.2246467991473532e-16f,-0.125f,0.3697467572738293f,0.9291325715340562f,0f,0.35796874999999995f,-1.1378592297127311e-16f,4.5280918279050835e-17f,-1f,-1.5308084989341915e-17f,0f,0f,0f,1f], start_interpolation: 0, interpolation_duration: 1 }