# This file was generated by Animated Java via MC-Build. It is not recommended to edit this file directly.
$data merge entity $(bone_main) { transformation: [-0.9702957262759965f,0.24192189559966767f,1.2246467991473532e-16f,0.036458125f,0.24192189559966767f,0.9702957262759965f,0f,0.695208125f,-1.1882695554102554e-16f,2.962688750897932e-17f,-1f,0.005208125000000004f,0f,0f,0f,1f], start_interpolation: 0, interpolation_duration: 1 }
$data merge entity $(bone_leftpupil) { transformation: [-0.9187069832672061f,0.3949398421229105f,1.2246467991473532e-16f,0.09144168193897022f,0.3949398421229105f,0.9187069832672061f,0f,0.5061828451608906f,-1.1250915664125049e-16f,4.8366181351158334e-17f,-1f,-0.27734375f,0f,0f,0f,1f], start_interpolation: 0, interpolation_duration: 1 }
$data merge entity $(bone_rightpupil) { transformation: [-0.9187069832672061f,0.3949398421229105f,1.2246467991473532e-16f,-0.10378355200531109f,0.3949398421229105f,0.9187069832672061f,0f,0.5901075616120091f,-1.1250915664125049e-16f,4.8366181351158334e-17f,-1f,-0.27734375f,0f,0f,0f,1f], start_interpolation: 0, interpolation_duration: 1 }
$data merge entity $(bone_eyes) { transformation: [-0.9187069832672061f,0.3949398421229105f,1.2246467991473532e-16f,3.348643591418544e-17f,0.3949398421229105f,0.9187069832672061f,0f,0.5625f,-1.1250915664125049e-16f,4.8366181351158334e-17f,-1f,-0.2734375f,0f,0f,0f,1f], start_interpolation: 0, interpolation_duration: 1 }
$data merge entity $(bone_rightarm) { transformation: [-0.8625136692072574f,-0.5060337641211639f,1.2246467991473532e-16f,0.25f,-0.5060337641211639f,0.8625136692072574f,0f,0.4671875f,-1.0562746042155068e-16f,-6.197126294914701e-17f,-1f,3.061616997868383e-17f,0f,0f,0f,1f], start_interpolation: 0, interpolation_duration: 1 }
$data merge entity $(bone_leftarm) { transformation: [-0.8290375725550416f,0.5591929034707469f,1.2246467991473532e-16f,-0.25f,0.5591929034707469f,0.8290375725550416f,0f,0.6259375f,-1.0152782096024234e-16f,6.84813799341365e-17f,-1f,-3.061616997868383e-17f,0f,0f,0f,1f], start_interpolation: 0, interpolation_duration: 1 }
$data merge entity $(bone_rightleg) { transformation: [-0.9077774785329087f,0.4194520824461771f,1.2246467991473532e-16f,-0.125f,0.4194520824461771f,0.9077774785329087f,0f,0.36468749999999994f,-1.1117067834233817e-16f,5.136806501634025e-17f,-1f,-1.5308084989341915e-17f,0f,0f,0f,1f], start_interpolation: 0, interpolation_duration: 1 }