# This file was generated by Animated Java via MC-Build. It is not recommended to edit this file directly.
$data merge entity $(bone_main) { transformation: [-0.9624552364536473f,0.2714404498650742f,1.2246467991473532e-16f,0.040364375f,0.2714404498650742f,0.9624552364536473f,0f,0.699426875f,-1.1786677246455682e-16f,3.324186780863807e-17f,-1f,0.005208125000000005f,0f,0f,0f,1f], start_interpolation: 0, interpolation_duration: 1 }
$data merge entity $(bone_leftpupil) { transformation: [-0.8974894185934713f,0.4410359889087882f,1.2246467991473532e-16f,0.08846706339885654f,0.4410359889087882f,0.8974894185934713f,0f,0.5016166540129182f,-1.0991075437491137e-16f,5.4011331212593506e-17f,-1f,-0.27734375f,0f,0f,0f,1f], start_interpolation: 0, interpolation_duration: 1 }
$data merge entity $(bone_rightpupil) { transformation: [-0.8974894185934713f,0.4410359889087882f,1.2246467991473532e-16f,-0.1022494380522561f,0.4410359889087882f,0.8974894185934713f,0f,0.5953368016560358f,-1.0991075437491137e-16f,5.4011331212593506e-17f,-1f,-0.27734375f,0f,0f,0f,1f], start_interpolation: 0, interpolation_duration: 1 }
$data merge entity $(bone_eyes) { transformation: [-0.8974894185934713f,0.4410359889087882f,1.2246467991473532e-16f,3.348643591418544e-17f,0.4410359889087882f,0.8974894185934713f,0f,0.5625f,-1.0991075437491137e-16f,5.4011331212593506e-17f,-1f,-0.2734375f,0f,0f,0f,1f], start_interpolation: 0, interpolation_duration: 1 }
$data merge entity $(bone_rightarm) { transformation: [-0.8270805742745617f,-0.5620833778521307f,1.2246467991473532e-16f,0.25f,-0.5620833778521307f,0.8270805742745617f,0f,0.45546875f,-1.0128815779222968e-16f,-6.883536095405442e-17f,-1f,3.061616997868383e-17f,0f,0f,0f,1f], start_interpolation: 0, interpolation_duration: 1 }
$data merge entity $(bone_leftarm) { transformation: [-0.785316930880745f,0.619093949309834f,1.2246467991473532e-16f,-0.25f,0.619093949309834f,0.785316930880745f,0f,0.6340625f,-9.617358657193276e-17f,7.58171423393782e-17f,-1f,-3.061616997868383e-17f,0f,0f,0f,1f], start_interpolation: 0, interpolation_duration: 1 }
$data merge entity $(bone_rightleg) { transformation: [-0.8837656300886935f,0.46792981426057334f,1.2246467991473532e-16f,-0.125f,0.46792981426057334f,0.8837656300886935f,0f,0.37140625f,-1.0823007500845623e-16f,5.730487492598266e-17f,-1f,-1.5308084989341915e-17f,0f,0f,0f,1f], start_interpolation: 0, interpolation_duration: 1 }