# This file was generated by Animated Java via MC-Build. It is not recommended to edit this file directly.
$data merge entity $(bone_main) { transformation: [-1f,0f,1.2246467991473532e-16f,0.005208124999999999f,0f,1f,0f,0.6579859027777778f,-1.2246467991473532e-16f,0f,-1f,0.005208125000000001f,0f,0f,0f,1f], start_interpolation: 0, interpolation_duration: 1 }
$data merge entity $(bone_leftpupil) { transformation: [-1f,0f,1.2246467991473532e-16f,0.10625000000000004f,0f,1f,0f,0.5430555555555555f,-1.2246467991473532e-16f,0f,-1f,-0.27734375f,0f,0f,0f,1f], start_interpolation: 0, interpolation_duration: 1 }
$data merge entity $(bone_rightpupil) { transformation: [-1f,0f,1.2246467991473532e-16f,-0.10624999999999996f,0f,1f,0f,0.5430555555555555f,-1.2246467991473532e-16f,0f,-1f,-0.27734375f,0f,0f,0f,1f], start_interpolation: 0, interpolation_duration: 1 }
$data merge entity $(bone_eyes) { transformation: [-1f,0f,1.2246467991473532e-16f,3.348643591418544e-17f,0f,1f,0f,0.5586805555555555f,-1.2246467991473532e-16f,0f,-1f,-0.2734375f,0f,0f,0f,1f], start_interpolation: 0, interpolation_duration: 1 }
$data merge entity $(bone_rightarm) { transformation: [-1f,-4.511293044026376e-18f,1.2238155932038738e-16f,0.25f,0f,0.999321268839262f,0.03683750324720004f,0.5528819444444444f,-1.2246467991473532e-16f,0.03683750324720004f,-0.999321268839262f,3.061616997868383e-17f,0f,0f,0f,1f], start_interpolation: 0, interpolation_duration: 1 }
$data merge entity $(bone_leftarm) { transformation: [-1f,4.6299554132728695e-18f,1.2237712751772563e-16f,-0.25f,0f,0.9992850804242445f,-0.03780645502439091f,0.5519097222222222f,-1.2246467991473532e-16f,-0.03780645502439091f,-0.9992850804242445f,-3.061616997868383e-17f,0f,0f,0f,1f], start_interpolation: 0, interpolation_duration: 1 }
$data merge entity $(bone_leftleg) { transformation: [-1f,6.4093061293237094e-18f,1.2229684632711994e-16f,0.125f,0f,0.9986295347545738f,-0.05233595624294383f,0.30885416666666665f,-1.2246467991473532e-16f,-0.05233595624294383f,-0.9986295347545738f,0.0033333333333333487f,0f,0f,0f,1f], start_interpolation: 0, interpolation_duration: 1 }
$data merge entity $(bone_rightleg) { transformation: [-1f,-1.142216348594974e-18f,1.2245935312760547e-16f,-0.125f,0f,0.9999565034821996f,0.00932690429101868f,0.3109375f,-1.2246467991473532e-16f,0.00932690429101868f,-0.9999565034821996f,-0.005000000000000017f,0f,0f,0f,1f], start_interpolation: 0, interpolation_duration: 1 }