# This file was generated by Animated Java via MC-Build. It is not recommended to edit this file directly.
$data merge entity $(bone_main) { transformation: [-1f,0f,1.2246467991473532e-16f,0.005208124999999999f,0f,1f,0f,0.6330490340909091f,-1.2246467991473532e-16f,0f,-1f,0.005208125000000001f,0f,0f,0f,1f], start_interpolation: 0, interpolation_duration: 1 }
$data merge entity $(bone_leftpupil) { transformation: [-1f,0f,1.2246467991473532e-16f,0.10625000000000004f,0f,1f,0f,0.5153409090909091f,-1.2246467991473532e-16f,0f,-1f,-0.27734375f,0f,0f,0f,1f], start_interpolation: 0, interpolation_duration: 1 }
$data merge entity $(bone_rightpupil) { transformation: [-1f,0f,1.2246467991473532e-16f,-0.10624999999999996f,0f,1f,0f,0.5153409090909091f,-1.2246467991473532e-16f,0f,-1f,-0.27734375f,0f,0f,0f,1f], start_interpolation: 0, interpolation_duration: 1 }
$data merge entity $(bone_eyes) { transformation: [-1f,0f,1.2246467991473532e-16f,3.348643591418544e-17f,0f,1f,0f,0.5309659090909091f,-1.2246467991473532e-16f,0f,-1f,-0.2734375f,0f,0f,0f,1f], start_interpolation: 0, interpolation_duration: 1 }
$data merge entity $(bone_rightarm) { transformation: [-1f,-3.150846248294696e-17f,1.1834193938996986e-16f,0.25f,0f,0.9663352688494685f,0.25728612123009165f,0.49502840909090906f,-1.2246467991473532e-16f,0.25728612123009165f,-0.9663352688494685f,3.061616997868383e-17f,0f,0f,0f,1f], start_interpolation: 0, interpolation_duration: 1 }
$data merge entity $(bone_leftarm) { transformation: [-1f,3.4409056925560886e-17f,1.175313346648973e-16f,-0.25f,0f,0.9597161789564729f,-0.2809712722845298f,0.4870738636363636f,-1.2246467991473532e-16f,-0.2809712722845298f,-0.9597161789564729f,-3.061616997868383e-17f,0f,0f,0f,1f], start_interpolation: 0, interpolation_duration: 1 }
$data merge entity $(bone_leftleg) { transformation: [-1f,5.416474287757752e-17f,1.0983523321605181e-16f,0.125f,0f,0.8968727415326883f,-0.4422886902190013f,0.2901041666666666f,-1.2246467991473532e-16f,-0.4422886902190013f,-0.8968727415326883f,0.03333333333333335f,0f,0f,0f,1f], start_interpolation: 0, interpolation_duration: 1 }
$data merge entity $(bone_rightleg) { transformation: [-1f,-4.3388138565049604e-17f,1.1452103413119632e-16f,-0.125f,0f,0.9351352096860117f,0.3542910379977159f,0.3109375f,-1.2246467991473532e-16f,0.3542910379977159f,-0.9351352096860117f,-0.05000000000000002f,0f,0f,0f,1f], start_interpolation: 0, interpolation_duration: 1 }