# This file was generated by Animated Java via MC-Build. It is not recommended to edit this file directly.
$data merge entity $(bone_main) { transformation: [-1f,0f,1.2246467991473532e-16f,0.005208124999999999f,0f,1f,0f,0.6358899431818181f,-1.2246467991473532e-16f,0f,-1f,0.005208125000000001f,0f,0f,0f,1f], start_interpolation: 0, interpolation_duration: 1 }
$data merge entity $(bone_leftpupil) { transformation: [-1f,0f,1.2246467991473532e-16f,0.10625000000000004f,0f,1f,0f,0.5181818181818182f,-1.2246467991473532e-16f,0f,-1f,-0.27734375f,0f,0f,0f,1f], start_interpolation: 0, interpolation_duration: 1 }
$data merge entity $(bone_rightpupil) { transformation: [-1f,0f,1.2246467991473532e-16f,-0.10624999999999996f,0f,1f,0f,0.5181818181818182f,-1.2246467991473532e-16f,0f,-1f,-0.27734375f,0f,0f,0f,1f], start_interpolation: 0, interpolation_duration: 1 }
$data merge entity $(bone_eyes) { transformation: [-1f,0f,1.2246467991473532e-16f,3.348643591418544e-17f,0f,1f,0f,0.5338068181818182f,-1.2246467991473532e-16f,0f,-1f,-0.2734375f,0f,0f,0f,1f], start_interpolation: 0, interpolation_duration: 1 }
$data merge entity $(bone_rightarm) { transformation: [-1f,-2.298576523743978e-17f,1.20288205669001e-16f,0.25f,0f,0.9822277390734236f,0.18769301690449333f,0.5016193181818182f,-1.2246467991473532e-16f,0.18769301690449333f,-0.9822277390734236f,3.061616997868383e-17f,0f,0f,0f,1f], start_interpolation: 0, interpolation_duration: 1 }
$data merge entity $(bone_leftarm) { transformation: [-1f,2.783247559694793e-17f,1.192600147944141e-16f,-0.25f,0f,0.9738319234365989f,-0.2272694103828629f,0.49446022727272726f,-1.2246467991473532e-16f,-0.2272694103828629f,-0.9738319234365989f,-3.061616997868383e-17f,0f,0f,0f,1f], start_interpolation: 0, interpolation_duration: 1 }
$data merge entity $(bone_leftleg) { transformation: [-1f,5.843509484370488e-17f,1.0762405640573948e-16f,0.125f,0f,0.8788171126619654f,-0.4771587602596084f,0.2880208333333333f,-1.2246467991473532e-16f,-0.4771587602596084f,-0.8788171126619654f,0.03666666666666669f,0f,0f,0f,1f], start_interpolation: 0, interpolation_duration: 1 }
$data merge entity $(bone_rightleg) { transformation: [-1f,-3.488430465778399e-17f,1.1739115433098648e-16f,-0.125f,0f,0.9585715196636188f,0.28485196451802924f,0.3109375f,-1.2246467991473532e-16f,0.28485196451802924f,-0.9585715196636188f,-0.04500000000000001f,0f,0f,0f,1f], start_interpolation: 0, interpolation_duration: 1 }