# This file was generated by Animated Java via MC-Build. It is not recommended to edit this file directly.
$data merge entity $(bone_main) { transformation: [-1f,0f,1.2246467991473532e-16f,0.005208124999999999f,0f,1f,0f,0.6387308522727273f,-1.2246467991473532e-16f,0f,-1f,0.005208125000000001f,0f,0f,0f,1f], start_interpolation: 0, interpolation_duration: 1 }
$data merge entity $(bone_leftpupil) { transformation: [-1f,0f,1.2246467991473532e-16f,0.10625000000000004f,0f,1f,0f,0.5210227272727272f,-1.2246467991473532e-16f,0f,-1f,-0.27734375f,0f,0f,0f,1f], start_interpolation: 0, interpolation_duration: 1 }
$data merge entity $(bone_rightpupil) { transformation: [-1f,0f,1.2246467991473532e-16f,-0.10624999999999996f,0f,1f,0f,0.5210227272727272f,-1.2246467991473532e-16f,0f,-1f,-0.27734375f,0f,0f,0f,1f], start_interpolation: 0, interpolation_duration: 1 }
$data merge entity $(bone_eyes) { transformation: [-1f,0f,1.2246467991473532e-16f,3.348643591418544e-17f,0f,1f,0f,0.5366477272727272f,-1.2246467991473532e-16f,0f,-1f,-0.2734375f,0f,0f,0f,1f], start_interpolation: 0, interpolation_duration: 1 }
$data merge entity $(bone_rightarm) { transformation: [-1f,-1.4345937801091373e-17f,1.2162151082446638e-16f,0.25f,0f,0.993115001885801f,0.11714347198783824f,0.5082102272727272f,-1.2246467991473532e-16f,0.11714347198783824f,-0.993115001885801f,3.061616997868383e-17f,0f,0f,0f,1f], start_interpolation: 0, interpolation_duration: 1 }
$data merge entity $(bone_leftarm) { transformation: [-1f,2.1170082732238803e-17f,1.2062099909936388e-16f,-0.25f,0f,0.9849452036566373f,-0.17286684411357003f,0.5018465909090909f,-1.2246467991473532e-16f,-0.17286684411357003f,-0.9849452036566373f,-3.061616997868383e-17f,0f,0f,0f,1f], start_interpolation: 0, interpolation_duration: 1 }
$data merge entity $(bone_leftleg) { transformation: [-1f,6.26153441290434e-17f,1.052469311011967e-16f,0.125f,0f,0.8594064115014527f,-0.511293086077052f,0.28593749999999996f,-1.2246467991473532e-16f,-0.511293086077052f,-0.8594064115014527f,0.040000000000000015f,0f,0f,0f,1f], start_interpolation: 0, interpolation_duration: 1 }
$data merge entity $(bone_rightleg) { transformation: [-1f,-2.6193105561183555e-17f,1.196307612935706e-16f,-0.125f,0f,0.9768592983451408f,0.21388293816160067f,0.3109375f,-1.2246467991473532e-16f,0.21388293816160067f,-0.9768592983451408f,-0.04000000000000002f,0f,0f,0f,1f], start_interpolation: 0, interpolation_duration: 1 }