# This file was generated by Animated Java via MC-Build. It is not recommended to edit this file directly.
$data merge entity $(bone_main) { transformation: [-1f,0f,1.2246467991473532e-16f,0.005208124999999999f,0f,1f,0f,0.6415717613636364f,-1.2246467991473532e-16f,0f,-1f,0.005208125000000001f,0f,0f,0f,1f], start_interpolation: 0, interpolation_duration: 1 }
$data merge entity $(bone_leftpupil) { transformation: [-1f,0f,1.2246467991473532e-16f,0.10625000000000004f,0f,1f,0f,0.5238636363636364f,-1.2246467991473532e-16f,0f,-1f,-0.27734375f,0f,0f,0f,1f], start_interpolation: 0, interpolation_duration: 1 }
$data merge entity $(bone_rightpupil) { transformation: [-1f,0f,1.2246467991473532e-16f,-0.10624999999999996f,0f,1f,0f,0.5238636363636364f,-1.2246467991473532e-16f,0f,-1f,-0.27734375f,0f,0f,0f,1f], start_interpolation: 0, interpolation_duration: 1 }
$data merge entity $(bone_eyes) { transformation: [-1f,0f,1.2246467991473532e-16f,3.348643591418544e-17f,0f,1f,0f,0.5394886363636364f,-1.2246467991473532e-16f,0f,-1f,-0.2734375f,0f,0f,0f,1f], start_interpolation: 0, interpolation_duration: 1 }
$data merge entity $(bone_rightarm) { transformation: [-1f,-5.633006754091728e-18f,1.2233506063891468e-16f,0.25f,0f,0.9989415782908927f,0.045996990789619066f,0.5148011363636363f,-1.2246467991473532e-16f,0.045996990789619066f,-0.9989415782908927f,3.061616997868383e-17f,0f,0f,0f,1f], start_interpolation: 0, interpolation_duration: 1 }
$data merge entity $(bone_leftarm) { transformation: [-1f,1.444241944944526e-17f,1.216100914688615e-16f,-0.25f,0f,0.9930217557709797f,-0.11793130443406731f,0.5092329545454545f,-1.2246467991473532e-16f,-0.11793130443406731f,-0.9930217557709797f,-3.061616997868383e-17f,0f,0f,0f,1f], start_interpolation: 0, interpolation_duration: 1 }
$data merge entity $(bone_leftleg) { transformation: [-1f,6.669904509218561e-17f,1.0270752265734564e-16f,0.125f,0f,0.838670567945424f,-0.5446390350150271f,0.28385416666666663f,-1.2246467991473532e-16f,-0.5446390350150271f,-0.838670567945424f,0.04333333333333335f,0f,0f,0f,1f], start_interpolation: 0, interpolation_duration: 1 }
$data merge entity $(bone_rightleg) { transformation: [-1f,-1.7361222101489644e-17f,1.2122782598793614e-16f,-0.125f,0f,0.9899003212382514f,0.14176513680170644f,0.3109375f,-1.2246467991473532e-16f,0.14176513680170644f,-0.9899003212382514f,-0.03500000000000002f,0f,0f,0f,1f], start_interpolation: 0, interpolation_duration: 1 }