# This file was generated by Animated Java via MC-Build. It is not recommended to edit this file directly.
$data merge entity $(bone_main) { transformation: [-1f,0f,1.2246467991473532e-16f,0.005208124999999999f,0f,1f,0f,0.6444126704545454f,-1.2246467991473532e-16f,0f,-1f,0.005208125000000001f,0f,0f,0f,1f], start_interpolation: 0, interpolation_duration: 1 }
$data merge entity $(bone_leftpupil) { transformation: [-1f,0f,1.2246467991473532e-16f,0.10625000000000004f,0f,1f,0f,0.5267045454545455f,-1.2246467991473532e-16f,0f,-1f,-0.27734375f,0f,0f,0f,1f], start_interpolation: 0, interpolation_duration: 1 }
$data merge entity $(bone_rightpupil) { transformation: [-1f,0f,1.2246467991473532e-16f,-0.10624999999999996f,0f,1f,0f,0.5267045454545455f,-1.2246467991473532e-16f,0f,-1f,-0.27734375f,0f,0f,0f,1f], start_interpolation: 0, interpolation_duration: 1 }
$data merge entity $(bone_eyes) { transformation: [-1f,0f,1.2246467991473532e-16f,3.348643591418544e-17f,0f,1f,0f,0.5423295454545455f,-1.2246467991473532e-16f,0f,-1f,-0.2734375f,0f,0f,0f,1f], start_interpolation: 0, interpolation_duration: 1 }
$data merge entity $(bone_rightarm) { transformation: [-1f,3.1086288041260875e-18f,1.2242521902605171e-16f,0.25f,0f,0.9996777773909091f,-0.02538388053021031f,0.5213920454545454f,-1.2246467991473532e-16f,-0.02538388053021031f,-0.9996777773909091f,3.061616997868383e-17f,0f,0f,0f,1f], start_interpolation: 0, interpolation_duration: 1 }
$data merge entity $(bone_leftarm) { transformation: [-1f,7.670228104690968e-18f,1.2222424238849095e-16f,-0.25f,0f,0.9980366786047065f,-0.06263216553565713f,0.5166193181818182f,-1.2246467991473532e-16f,-0.06263216553565713f,-0.9980366786047065f,-3.061616997868383e-17f,0f,0f,0f,1f], start_interpolation: 0, interpolation_duration: 1 }
$data merge entity $(bone_leftleg) { transformation: [-1f,7.067990096223889e-17f,1.0000974665794668e-16f,0.125f,0f,0.8166415551616789f,-0.5771451900372335f,0.2817708333333333f,-1.2246467991473532e-16f,-0.5771451900372335f,-0.8166415551616789f,0.046666666666666676f,0f,0f,0f,1f], start_interpolation: 0, interpolation_duration: 1 }
$data merge entity $(bone_rightleg) { transformation: [-1f,-8.436090727066162e-18f,1.221737705068616e-16f,-0.125f,0f,0.997624544414959f,0.06888590843449473f,0.3109375f,-1.2246467991473532e-16f,0.06888590843449473f,-0.997624544414959f,-0.03000000000000002f,0f,0f,0f,1f], start_interpolation: 0, interpolation_duration: 1 }