# This file was generated by Animated Java via MC-Build. It is not recommended to edit this file directly.
$data merge entity $(bone_main) { transformation: [-1f,0f,1.2246467991473532e-16f,0.005208124999999999f,0f,1f,0f,0.6500944886363637f,-1.2246467991473532e-16f,0f,-1f,0.005208125000000001f,0f,0f,0f,1f], start_interpolation: 0, interpolation_duration: 1 }
$data merge entity $(bone_leftpupil) { transformation: [-1f,0f,1.2246467991473532e-16f,0.10625000000000004f,0f,1f,0f,0.5323863636363636f,-1.2246467991473532e-16f,0f,-1f,-0.27734375f,0f,0f,0f,1f], start_interpolation: 0, interpolation_duration: 1 }
$data merge entity $(bone_rightpupil) { transformation: [-1f,0f,1.2246467991473532e-16f,-0.10624999999999996f,0f,1f,0f,0.5323863636363636f,-1.2246467991473532e-16f,0f,-1f,-0.27734375f,0f,0f,0f,1f], start_interpolation: 0, interpolation_duration: 1 }
$data merge entity $(bone_eyes) { transformation: [-1f,0f,1.2246467991473532e-16f,3.348643591418544e-17f,0f,1f,0f,0.5480113636363636f,-1.2246467991473532e-16f,0f,-1f,-0.2734375f,0f,0f,0f,1f], start_interpolation: 0, interpolation_duration: 1 }
$data merge entity $(bone_rightarm) { transformation: [-1f,2.0499912691436753e-17f,1.2073670281344463e-16f,0.25f,0f,0.9858899961809905f,-0.16739449044173055f,0.5345738636363636f,-1.2246467991473532e-16f,-0.16739449044173055f,-0.9858899961809905f,3.061616997868383e-17f,0f,0f,0f,1f], start_interpolation: 0, interpolation_duration: 1 }
$data merge entity $(bone_leftarm) { transformation: [-1f,-5.924147288971564e-18f,1.2232130765127206e-16f,-0.25f,0f,0.998829276624386f,0.04837433366988903f,0.5313920454545454f,-1.2246467991473532e-16f,0.04837433366988903f,-0.998829276624386f,-3.061616997868383e-17f,0f,0f,0f,1f], start_interpolation: 0, interpolation_duration: 1 }
$data merge entity $(bone_leftleg) { transformation: [-1f,7.444421909921826e-17f,9.724019780587741e-17f,0.125f,0f,0.7940264725599235f,-0.6078831802855258f,0.28593749999999996f,-1.2246467991473532e-16f,-0.6078831802855258f,-0.7940264725599235f,0.04000000000000001f,0f,0f,0f,1f], start_interpolation: 0, interpolation_duration: 1 }
$data merge entity $(bone_rightleg) { transformation: [-1f,4.474210178572217e-18f,1.2238292066255217e-16f,-0.125f,0f,0.9993323850416294f,-0.03653469867138293f,0.3109375f,-1.2246467991473532e-16f,-0.03653469867138293f,-0.9993323850416294f,-0.02000000000000001f,0f,0f,0f,1f], start_interpolation: 0, interpolation_duration: 1 }