# This file was generated by Animated Java via MC-Build. It is not recommended to edit this file directly.
$data merge entity $(bone_main) { transformation: [-1f,0f,1.2246467991473532e-16f,0.005208124999999999f,0f,1f,0f,0.6529353977272727f,-1.2246467991473532e-16f,0f,-1f,0.005208125000000001f,0f,0f,0f,1f], start_interpolation: 0, interpolation_duration: 1 }
$data merge entity $(bone_leftpupil) { transformation: [-1f,0f,1.2246467991473532e-16f,0.10625000000000004f,0f,1f,0f,0.5352272727272728f,-1.2246467991473532e-16f,0f,-1f,-0.27734375f,0f,0f,0f,1f], start_interpolation: 0, interpolation_duration: 1 }
$data merge entity $(bone_rightpupil) { transformation: [-1f,0f,1.2246467991473532e-16f,-0.10624999999999996f,0f,1f,0f,0.5352272727272728f,-1.2246467991473532e-16f,0f,-1f,-0.27734375f,0f,0f,0f,1f], start_interpolation: 0, interpolation_duration: 1 }
$data merge entity $(bone_eyes) { transformation: [-1f,0f,1.2246467991473532e-16f,3.348643591418544e-17f,0f,1f,0f,0.5508522727272728f,-1.2246467991473532e-16f,0f,-1f,-0.2734375f,0f,0f,0f,1f], start_interpolation: 0, interpolation_duration: 1 }
$data merge entity $(bone_rightarm) { transformation: [-1f,2.906093902427876e-17f,1.189666325052774e-16f,0.25f,0f,0.9714362752436589f,-0.23730057551705616f,0.5411647727272727f,-1.2246467991473532e-16f,-0.23730057551705616f,-0.9714362752436589f,3.061616997868383e-17f,0f,0f,0f,1f], start_interpolation: 0, interpolation_duration: 1 }
$data merge entity $(bone_leftarm) { transformation: [-1f,-1.2704417918042756e-17f,1.2180392272822043e-16f,-0.25f,0f,0.9946045081163406f,0.10373944493129011f,0.538778409090909f,-1.2246467991473532e-16f,0.10373944493129011f,-0.9946045081163406f,-3.061616997868383e-17f,0f,0f,0f,1f], start_interpolation: 0, interpolation_duration: 1 }
$data merge entity $(bone_leftleg) { transformation: [-1f,7.28200381909615e-17f,9.846237791403114e-17f,0.125f,0f,0.80400633049941f,-0.5946207367027101f,0.2921875f,-1.2246467991473532e-16f,-0.5946207367027101f,-0.80400633049941f,0.03000000000000002f,0f,0f,0f,1f], start_interpolation: 0, interpolation_duration: 1 }
$data merge entity $(bone_rightleg) { transformation: [-1f,8.409436344577014e-18f,1.221756080688166e-16f,-0.125f,0f,0.9976395492470157f,-0.06866825888437376f,0.3109375f,-1.2246467991473532e-16f,-0.06866825888437376f,-0.9976395492470157f,-0.015000000000000022f,0f,0f,0f,1f], start_interpolation: 0, interpolation_duration: 1 }