# This file was generated by Animated Java via MC-Build. It is not recommended to edit this file directly.
$data merge entity $(bone_main) { transformation: [-1f,0f,1.2246467991473532e-16f,0.005208124999999999f,0f,1f,0f,0.6557763068181819f,-1.2246467991473532e-16f,0f,-1f,0.005208125000000001f,0f,0f,0f,1f], start_interpolation: 0, interpolation_duration: 1 }
$data merge entity $(bone_leftpupil) { transformation: [-1f,0f,1.2246467991473532e-16f,0.10625000000000004f,0f,1f,0f,0.5380681818181818f,-1.2246467991473532e-16f,0f,-1f,-0.27734375f,0f,0f,0f,1f], start_interpolation: 0, interpolation_duration: 1 }
$data merge entity $(bone_rightpupil) { transformation: [-1f,0f,1.2246467991473532e-16f,-0.10624999999999996f,0f,1f,0f,0.5380681818181818f,-1.2246467991473532e-16f,0f,-1f,-0.27734375f,0f,0f,0f,1f], start_interpolation: 0, interpolation_duration: 1 }
$data merge entity $(bone_eyes) { transformation: [-1f,0f,1.2246467991473532e-16f,3.348643591418544e-17f,0f,1f,0f,0.5536931818181818f,-1.2246467991473532e-16f,0f,-1f,-0.2734375f,0f,0f,0f,1f], start_interpolation: 0, interpolation_duration: 1 }
$data merge entity $(bone_rightarm) { transformation: [-1f,3.7473877473216206e-17f,1.1659033550745514e-16f,0.25f,0f,0.9520323377208014f,-0.305997431253705f,0.5477556818181818f,-1.2246467991473532e-16f,-0.305997431253705f,-0.9520323377208014f,3.061616997868383e-17f,0f,0f,0f,1f], start_interpolation: 0, interpolation_duration: 1 }
$data merge entity $(bone_leftarm) { transformation: [-1f,-1.9445518994518556e-17f,1.2091099874557483e-16f,-0.25f,0f,0.9873132304739437f,0.15878471252329474f,0.5461647727272727f,-1.2246467991473532e-16f,0.15878471252329474f,-0.9873132304739437f,-3.061616997868383e-17f,0f,0f,0f,1f], start_interpolation: 0, interpolation_duration: 1 }
$data merge entity $(bone_leftleg) { transformation: [-1f,6.555595886670598e-17f,1.0344087240392615e-16f,0.125f,0f,0.8446588230659298f,-0.5353050276402028f,0.29843749999999997f,-1.2246467991473532e-16f,-0.5353050276402028f,-0.8446588230659298f,0.02000000000000001f,0f,0f,0f,1f], start_interpolation: 0, interpolation_duration: 1 }
$data merge entity $(bone_rightleg) { transformation: [-1f,1.2335955116260572e-17f,1.2184179101600642e-16f,-0.125f,0f,0.994913726152205f,-0.1007307178269632f,0.3109375f,-1.2246467991473532e-16f,-0.1007307178269632f,-0.994913726152205f,-0.01000000000000001f,0f,0f,0f,1f], start_interpolation: 0, interpolation_duration: 1 }