# This file was generated by Animated Java via MC-Build. It is not recommended to edit this file directly.
$data merge entity $(bone_main) { transformation: [-1f,0f,1.2246467991473532e-16f,0.005208124999999999f,0f,1f,0f,0.658617215909091f,-1.2246467991473532e-16f,0f,-1f,0.005208125000000001f,0f,0f,0f,1f], start_interpolation: 0, interpolation_duration: 1 }
$data merge entity $(bone_leftpupil) { transformation: [-1f,0f,1.2246467991473532e-16f,0.10625000000000004f,0f,1f,0f,0.5409090909090909f,-1.2246467991473532e-16f,0f,-1f,-0.27734375f,0f,0f,0f,1f], start_interpolation: 0, interpolation_duration: 1 }
$data merge entity $(bone_rightpupil) { transformation: [-1f,0f,1.2246467991473532e-16f,-0.10624999999999996f,0f,1f,0f,0.5409090909090909f,-1.2246467991473532e-16f,0f,-1f,-0.27734375f,0f,0f,0f,1f], start_interpolation: 0, interpolation_duration: 1 }
$data merge entity $(bone_eyes) { transformation: [-1f,0f,1.2246467991473532e-16f,3.348643591418544e-17f,0f,1f,0f,0.5565340909090909f,-1.2246467991473532e-16f,0f,-1f,-0.2734375f,0f,0f,0f,1f], start_interpolation: 0, interpolation_duration: 1 }
$data merge entity $(bone_rightarm) { transformation: [-1f,4.569585763233135e-17f,1.136199208847827e-16f,0.25f,0f,0.9277770616302539f,-0.37313499422157137f,0.5543465909090909f,-1.2246467991473532e-16f,-0.37313499422157137f,-0.9277770616302539f,3.061616997868383e-17f,0f,0f,0f,1f], start_interpolation: 0, interpolation_duration: 1 }
$data merge entity $(bone_leftarm) { transformation: [-1f,-2.6126666731619447e-17f,1.1964528871674583e-16f,-0.25f,0f,0.9769779237576707f,0.21334042394762187f,0.5535511363636363f,-1.2246467991473532e-16f,0.21334042394762187f,-0.9769779237576707f,-3.061616997868383e-17f,0f,0f,0f,1f], start_interpolation: 0, interpolation_duration: 1 }
$data merge entity $(bone_leftleg) { transformation: [-1f,4.442490060951879e-17f,1.1412285499606533e-16f,0.125f,0f,0.9318838303053755f,-0.3627568425479831f,0.3046875f,-1.2246467991473532e-16f,-0.3627568425479831f,-0.9318838303053755f,0.010000000000000024f,0f,0f,0f,1f], start_interpolation: 0, interpolation_duration: 1 }
$data merge entity $(bone_rightleg) { transformation: [-1f,1.6249700852852917e-17f,1.2138181514877493e-16f,-0.125f,0f,0.9911577381599795f,-0.13268887702288196f,0.3109375f,-1.2246467991473532e-16f,-0.13268887702288196f,-0.9911577381599795f,-0.00500000000000002f,0f,0f,0f,1f], start_interpolation: 0, interpolation_duration: 1 }