# This file was generated by Animated Java via MC-Build. It is not recommended to edit this file directly.
$data merge entity $(bone_main) { transformation: [-1f,0f,1.2246467991473532e-16f,0.005208124999999999f,0f,1f,0f,0.6545136805555556f,-1.2246467991473532e-16f,0f,-1f,0.005208125000000001f,0f,0f,0f,1f], start_interpolation: 0, interpolation_duration: 1 }
$data merge entity $(bone_leftpupil) { transformation: [-1f,0f,1.2246467991473532e-16f,0.10625000000000004f,0f,1f,0f,0.5392361111111111f,-1.2246467991473532e-16f,0f,-1f,-0.27734375f,0f,0f,0f,1f], start_interpolation: 0, interpolation_duration: 1 }
$data merge entity $(bone_rightpupil) { transformation: [-1f,0f,1.2246467991473532e-16f,-0.10624999999999996f,0f,1f,0f,0.5392361111111111f,-1.2246467991473532e-16f,0f,-1f,-0.27734375f,0f,0f,0f,1f], start_interpolation: 0, interpolation_duration: 1 }
$data merge entity $(bone_eyes) { transformation: [-1f,0f,1.2246467991473532e-16f,3.348643591418544e-17f,0f,1f,0f,0.5548611111111111f,-1.2246467991473532e-16f,0f,-1f,-0.2734375f,0f,0f,0f,1f], start_interpolation: 0, interpolation_duration: 1 }
$data merge entity $(bone_rightarm) { transformation: [-1f,-9.016462177724348e-18f,1.2213231037041854e-16f,0.25f,0f,0.9972859967090251f,0.07362500097172475f,0.5448263888888889f,-1.2246467991473532e-16f,0.07362500097172475f,-0.9972859967090251f,3.061616997868383e-17f,0f,0f,0f,1f], start_interpolation: 0, interpolation_duration: 1 }
$data merge entity $(bone_leftarm) { transformation: [-1f,9.25329073502609e-18f,1.2211459551254165e-16f,-0.25f,0f,0.9971413439169774f,-0.07555885289920809f,0.5428819444444444f,-1.2246467991473532e-16f,-0.07555885289920809f,-0.9971413439169774f,-3.061616997868383e-17f,0f,0f,0f,1f], start_interpolation: 0, interpolation_duration: 1 }
$data merge entity $(bone_leftleg) { transformation: [-1f,1.2801044796052349e-17f,1.217938055844715e-16f,0.125f,0f,0.9945218953682733f,-0.10452846326765346f,0.3067708333333333f,-1.2246467991473532e-16f,-0.10452846326765346f,-0.9945218953682733f,0.006666666666666683f,0f,0f,0f,1f], start_interpolation: 0, interpolation_duration: 1 }
$data merge entity $(bone_rightleg) { transformation: [-1f,-1.8207967491988532e-17f,1.2110354142810716e-16f,-0.125f,0f,0.9888854607910147f,0.14867933762343255f,0.3109375f,-1.2246467991473532e-16f,0.14867933762343255f,-0.9888854607910147f,-0.010000000000000018f,0f,0f,0f,1f], start_interpolation: 0, interpolation_duration: 1 }