# This file was generated by Animated Java via MC-Build. It is not recommended to edit this file directly.
$data merge entity $(bone_main) { transformation: [-1f,0f,1.2246467991473532e-16f,0.005208124999999999f,0f,1f,0f,0.661458125f,-1.2246467991473532e-16f,0f,-1f,0.005208125000000001f,0f,0f,0f,1f], start_interpolation: 0, interpolation_duration: 1 }
$data merge entity $(bone_leftpupil) { transformation: [-1f,0f,1.2246467991473532e-16f,0.10625000000000004f,0f,1f,0f,0.54375f,-1.2246467991473532e-16f,0f,-1f,-0.27734375f,0f,0f,0f,1f], start_interpolation: 0, interpolation_duration: 1 }
$data merge entity $(bone_rightpupil) { transformation: [-1f,0f,1.2246467991473532e-16f,-0.10624999999999996f,0f,1f,0f,0.54375f,-1.2246467991473532e-16f,0f,-1f,-0.27734375f,0f,0f,0f,1f], start_interpolation: 0, interpolation_duration: 1 }
$data merge entity $(bone_eyes) { transformation: [-1f,0f,1.2246467991473532e-16f,3.348643591418544e-17f,0f,1f,0f,0.559375f,-1.2246467991473532e-16f,0f,-1f,-0.2734375f,0f,0f,0f,1f], start_interpolation: 0, interpolation_duration: 1 }
$data merge entity $(bone_rightarm) { transformation: [-1f,5.368498217537982e-17f,1.1007052518929729e-16f,0.25f,0f,0.898794046299167f,-0.4383711467890774f,0.5609375f,-1.2246467991473532e-16f,-0.4383711467890774f,-0.898794046299167f,3.061616997868383e-17f,0f,0f,0f,1f], start_interpolation: 0, interpolation_duration: 1 }
$data merge entity $(bone_leftarm) { transformation: [-1f,-3.2727262187357386e-17f,1.1801069500828535e-16f,-0.25f,0f,0.963630453208623f,0.26723837607825685f,0.5609375f,-1.2246467991473532e-16f,0.26723837607825685f,-0.963630453208623f,-3.061616997868383e-17f,0f,0f,0f,1f], start_interpolation: 0, interpolation_duration: 1 }
$data merge entity $(bone_leftleg) { transformation: [-1f,-4.540959038328645e-18f,1.2238046215646843e-16f,0.125f,0f,0.9993123098159769f,0.03707974447400048f,0.3109375f,-1.2246467991473532e-16f,0.03707974447400048f,-0.9993123098159769f,1.5308084989341915e-17f,0f,0f,0f,1f], start_interpolation: 0, interpolation_duration: 1 }
$data merge entity $(bone_rightleg) { transformation: [-1f,2.014662113918555e-17f,1.2079615674057143e-16f,-0.125f,0f,0.9863754743381881f,-0.16450964599109238f,0.3109375f,-1.2246467991473532e-16f,-0.16450964599109238f,-0.9863754743381881f,-1.5308084989341915e-17f,0f,0f,0f,1f], start_interpolation: 0, interpolation_duration: 1 }