# This file was generated by Animated Java via MC-Build. It is not recommended to edit this file directly.
$data merge entity $(bone_rightarm) { transformation: [-1f,6.307397298776127e-17f,1.0497271911386186e-16f,0.25f,0f,0.8571673007021122f,-0.5150380749100543f,0.5609375f,-1.2246467991473532e-16f,-0.5150380749100543f,-0.8571673007021122f,3.061616997868383e-17f,0f,0f,0f,1f], start_interpolation: 0, interpolation_duration: 1 }
$data merge entity $(bone_leftarm) { transformation: [-1f,-3.06627070535773e-17f,1.1856389088911123e-16f,-0.25f,0f,0.9681476403781077f,0.2503800040544414f,0.5609375f,-1.2246467991473532e-16f,0.2503800040544414f,-0.9681476403781077f,-3.061616997868383e-17f,0f,0f,0f,1f], start_interpolation: 0, interpolation_duration: 1 }
$data merge entity $(bone_leftleg) { transformation: [-1f,-5.276021283641575e-17f,1.1051677595765581e-16f,0.125f,0f,0.9024379603539722f,0.4308198320785182f,0.3109375f,-1.2246467991473532e-16f,0.4308198320785182f,-0.9024379603539722f,-0.004999999999999989f,0f,0f,0f,1f], start_interpolation: 0, interpolation_duration: 1 }
$data merge entity $(bone_rightleg) { transformation: [-1f,2.4022680981689173e-17f,1.2008542220049262e-16f,-0.125f,0f,0.980571886392883f,-0.1961600765087101f,0.30853365384615383f,-1.2246467991473532e-16f,-0.1961600765087101f,-0.980571886392883f,0.0038461538461538347f,0f,0f,0f,1f], start_interpolation: 0, interpolation_duration: 1 }