# This file was generated by Animated Java via MC-Build. It is not recommended to edit this file directly.
$data merge entity $(bone_rightarm) { transformation: [-1f,7.198293278059966e-17f,9.907600726170916e-17f,0.25f,0f,0.8090169943749475f,-0.5877852522924731f,0.5609375f,-1.2246467991473532e-16f,-0.5877852522924731f,-0.8090169943749475f,3.061616997868383e-17f,0f,0f,0f,1f], start_interpolation: 0, interpolation_duration: 1 }
$data merge entity $(bone_leftarm) { transformation: [-1f,-2.858881176219237e-17f,1.1908097106021814e-16f,-0.25f,0f,0.9723699203976767f,0.23344536385590536f,0.5609375f,-1.2246467991473532e-16f,0.23344536385590536f,-0.9723699203976767f,-3.061616997868383e-17f,0f,0f,0f,1f], start_interpolation: 0, interpolation_duration: 1 }
$data merge entity $(bone_leftleg) { transformation: [-1f,-7.304153899254675e-17f,9.829817601674432e-17f,0.125f,0f,0.80266552025599f,0.5964294280065168f,0.3109375f,-1.2246467991473532e-16f,0.5964294280065168f,-0.80266552025599f,-0.009999999999999993f,0f,0f,0f,1f], start_interpolation: 0, interpolation_duration: 1 }
$data merge entity $(bone_rightleg) { transformation: [-1f,2.787386698635276e-17f,1.1925034744538773e-16f,-0.125f,0f,0.9737529835411685f,-0.22760739672662872f,0.3061298076923077f,-1.2246467991473532e-16f,-0.22760739672662872f,-0.9737529835411685f,0.007692307692307684f,0f,0f,0f,1f], start_interpolation: 0, interpolation_duration: 1 }