# This file was generated by Animated Java via MC-Build. It is not recommended to edit this file directly.
$data merge entity $(bone_rightarm) { transformation: [-1f,8.034405899049453e-17f,9.242526717056605e-17f,0.25f,0f,0.7547095802227721f,-0.6560590289905072f,0.5609375f,-1.2246467991473532e-16f,-0.6560590289905072f,-0.7547095802227721f,3.061616997868383e-17f,0f,0f,0f,1f], start_interpolation: 0, interpolation_duration: 1 }
$data merge entity $(bone_leftarm) { transformation: [-1f,-2.650620804179866e-17f,1.195617780139768e-16f,-0.25f,0f,0.9762960071199334f,0.2164396139381029f,0.5609375f,-1.2246467991473532e-16f,0.2164396139381029f,-0.9762960071199334f,-3.061616997868383e-17f,0f,0f,0f,1f], start_interpolation: 0, interpolation_duration: 1 }
$data merge entity $(bone_leftleg) { transformation: [-1f,-7.991669473314563e-17f,9.279504151379959e-17f,0.125f,0f,0.757729016875781f,0.6525693350016245f,0.3109375f,-1.2246467991473532e-16f,0.6525693350016245f,-0.757729016875781f,-0.014999999999999977f,0f,0f,0f,1f], start_interpolation: 0, interpolation_duration: 1 }
$data merge entity $(bone_rightleg) { transformation: [-1f,3.169619151431765e-17f,1.1829179713786698e-16f,-0.125f,0f,0.9659258262890683f,-0.25881904510252074f,0.30372596153846154f,-1.2246467991473532e-16f,-0.25881904510252074f,-0.9659258262890683f,0.011538461538461518f,0f,0f,0f,1f], start_interpolation: 0, interpolation_duration: 1 }