# This file was generated by Animated Java via MC-Build. It is not recommended to edit this file directly.
$data merge entity $(bone_rightarm) { transformation: [-1f,8.809371839840254e-17f,8.507111498835273e-17f,0.25f,0f,0.6946583704589973f,-0.7193398003386512f,0.5609375f,-1.2246467991473532e-16f,-0.7193398003386512f,-0.6946583704589973f,3.061616997868383e-17f,0f,0f,0f,1f], start_interpolation: 0, interpolation_duration: 1 }
$data merge entity $(bone_leftarm) { transformation: [-1f,-2.4415530273663997e-17f,1.2000616529193144e-16f,-0.25f,0f,0.9799247046208296f,0.1993679344171972f,0.5609375f,-1.2246467991473532e-16f,0.1993679344171972f,-0.9799247046208296f,-3.061616997868383e-17f,0f,0f,0f,1f], start_interpolation: 0, interpolation_duration: 1 }
$data merge entity $(bone_leftleg) { transformation: [-1f,-8.144583552197763e-17f,9.145585657980327e-17f,0.125f,0f,0.7467937420281374f,0.6650557171151992f,0.3109375f,-1.2246467991473532e-16f,0.6650557171151992f,-0.7467937420281374f,-0.019999999999999983f,0f,0f,0f,1f], start_interpolation: 0, interpolation_duration: 1 }
$data merge entity $(bone_rightleg) { transformation: [-1f,3.631586906079478e-17f,1.1695621181013766e-16f,-0.125f,0f,0.9550199444571866f,-0.29654157497557093f,0.3013221153846154f,-1.2246467991473532e-16f,-0.29654157497557093f,-0.9550199444571866f,0.015384615384615368f,0f,0f,0f,1f], start_interpolation: 0, interpolation_duration: 1 }