# This file was generated by Animated Java via MC-Build. It is not recommended to edit this file directly.
$data merge entity $(bone_rightarm) { transformation: [-1f,9.517293141685718e-17f,7.706952025373441e-17f,0.25f,0f,0.6293203910498375f,-0.7771459614569709f,0.5609375f,-1.2246467991473532e-16f,-0.7771459614569709f,-0.6293203910498375f,3.061616997868383e-17f,0f,0f,0f,1f], start_interpolation: 0, interpolation_duration: 1 }
$data merge entity $(bone_leftarm) { transformation: [-1f,-2.2317415298489425e-17f,1.2041399752941237e-16f,-0.25f,0f,0.9832549075639546f,0.18223552549214744f,0.5609375f,-1.2246467991473532e-16f,0.18223552549214744f,-0.9832549075639546f,-3.061616997868383e-17f,0f,0f,0f,1f], start_interpolation: 0, interpolation_duration: 1 }
$data merge entity $(bone_leftleg) { transformation: [-1f,-8.154698508788285e-17f,9.136567763495868e-17f,0.125f,0f,0.7460573750616996f,0.6658816660008342f,0.3109375f,-1.2246467991473532e-16f,0.6658816660008342f,-0.7460573750616996f,-0.024999999999999988f,0f,0f,0f,1f], start_interpolation: 0, interpolation_duration: 1 }
$data merge entity $(bone_rightleg) { transformation: [-1f,4.087955016940687e-17f,1.1544028848095246e-16f,-0.125f,0f,0.9426414910921784f,-0.33380685923377096f,0.2989182692307692f,-1.2246467991473532e-16f,-0.33380685923377096f,-0.9426414910921784f,0.01923076923076922f,0f,0f,0f,1f], start_interpolation: 0, interpolation_duration: 1 }