# This file was generated by Animated Java via MC-Build. It is not recommended to edit this file directly.
$data merge entity $(bone_rightarm) { transformation: [-1f,9.053071981067456e-17f,8.247294463749741e-17f,0.25f,0f,0.6734426995189003f,-0.739239427022596f,0.5609375f,-1.2246467991473532e-16f,-0.739239427022596f,-0.6734426995189003f,3.061616997868383e-17f,0f,0f,0f,1f], start_interpolation: 0, interpolation_duration: 1 }
$data merge entity $(bone_leftarm) { transformation: [-1f,-2.021250222242128e-17f,1.2078515049676923e-16f,-0.25f,0f,0.9862856015372314f,0.16504760586067765f,0.5609375f,-1.2246467991473532e-16f,0.16504760586067765f,-0.9862856015372314f,-3.061616997868383e-17f,0f,0f,0f,1f], start_interpolation: 0, interpolation_duration: 1 }
$data merge entity $(bone_leftleg) { transformation: [-1f,-7.463653129282382e-17f,9.709266719579759e-17f,0.125f,0f,0.7928217937073553f,0.609453528517681f,0.3109375f,-1.2246467991473532e-16f,0.609453528517681f,-0.7928217937073553f,-0.029999999999999992f,0f,0f,0f,1f], start_interpolation: 0, interpolation_duration: 1 }
$data merge entity $(bone_rightleg) { transformation: [-1f,4.5380197974666647e-17f,1.1374636459420863e-16f,-0.125f,0f,0.9288095528719242f,-0.3705574375098364f,0.29651442307692305f,-1.2246467991473532e-16f,-0.3705574375098364f,-0.9288095528719242f,0.02307692307692307f,0f,0f,0f,1f], start_interpolation: 0, interpolation_duration: 1 }