# This file was generated by Animated Java via MC-Build. It is not recommended to edit this file directly.
$data merge entity $(bone_rightarm) { transformation: [-1f,8.558218090547631e-17f,8.759730668280221e-17f,0.25f,0f,0.7152862910660516f,-0.6988315403679f,0.5609375f,-1.2246467991473532e-16f,-0.6988315403679f,-0.7152862910660516f,3.061616997868383e-17f,0f,0f,0f,1f], start_interpolation: 0, interpolation_duration: 1 }
$data merge entity $(bone_leftarm) { transformation: [-1f,-1.8101432222373277e-17f,1.2111951113721276e-16f,-0.25f,0f,0.9890158633619168f,0.1478094111296106f,0.5609375f,-1.2246467991473532e-16f,0.1478094111296106f,-0.9890158633619168f,-3.061616997868383e-17f,0f,0f,0f,1f], start_interpolation: 0, interpolation_duration: 1 }
$data merge entity $(bone_leftleg) { transformation: [-1f,-6.732520128841612e-17f,1.0229816761845165e-16f,0.125f,0f,0.8353279303851169f,0.5497519883715904f,0.3109375f,-1.2246467991473532e-16f,0.5497519883715904f,-0.8353279303851169f,-0.034999999999999996f,0f,0f,0f,1f], start_interpolation: 0, interpolation_duration: 1 }
$data merge entity $(bone_rightleg) { transformation: [-1f,4.9810872803871827e-17f,1.1187705205776151e-16f,-0.125f,0f,0.9135454576426009f,-0.40673664307580026f,0.2941105769230769f,-1.2246467991473532e-16f,-0.40673664307580026f,-0.9135454576426009f,0.02692307692307692f,0f,0f,0f,1f], start_interpolation: 0, interpolation_duration: 1 }