# This file was generated by Animated Java via MC-Build. It is not recommended to edit this file directly.
$data merge entity $(bone_rightarm) { transformation: [-1f,8.034405899049454e-17f,9.242526717056602e-17f,0.25f,0f,0.7547095802227719f,-0.6560590289905073f,0.5609375f,-1.2246467991473532e-16f,-0.6560590289905073f,-0.7547095802227719f,3.061616997868383e-17f,0f,0f,0f,1f], start_interpolation: 0, interpolation_duration: 1 }
$data merge entity $(bone_leftarm) { transformation: [-1f,-1.598484835071784e-17f,1.2141697760125282e-16f,-0.25f,0f,0.9914448613738104f,0.13052619222005163f,0.5609375f,-1.2246467991473532e-16f,0.13052619222005163f,-0.9914448613738104f,-3.061616997868383e-17f,0f,0f,0f,1f], start_interpolation: 0, interpolation_duration: 1 }
$data merge entity $(bone_leftleg) { transformation: [-1f,-5.96522645611525e-17f,1.0695421992303457e-16f,0.125f,0f,0.8733474826986872f,0.48709770525415763f,0.3109375f,-1.2246467991473532e-16f,0.48709770525415763f,-0.8733474826986872f,-0.03999999999999998f,0f,0f,0f,1f], start_interpolation: 0, interpolation_duration: 1 }
$data merge entity $(bone_rightleg) { transformation: [-1f,5.416474287757752e-17f,1.0983523321605181e-16f,-0.125f,0f,0.8968727415326883f,-0.4422886902190013f,0.29170673076923076f,-1.2246467991473532e-16f,-0.4422886902190013f,-0.8968727415326883f,0.030769230769230754f,0f,0f,0f,1f], start_interpolation: 0, interpolation_duration: 1 }