# This file was generated by Animated Java via MC-Build. It is not recommended to edit this file directly.
$data merge entity $(bone_rightarm) { transformation: [-1f,7.483407821220115e-17f,9.694048981075316e-17f,0.25f,0f,0.7915791710577034f,-0.6110666215295998f,0.5609375f,-1.2246467991473532e-16f,-0.6110666215295998f,-0.7915791710577034f,3.061616997868383e-17f,0f,0f,0f,1f], start_interpolation: 0, interpolation_duration: 1 }
$data merge entity $(bone_leftarm) { transformation: [-1f,-1.3863395339406054e-17f,1.2167745927772288e-16f,-0.25f,0f,0.9935718556765875f,0.11320321376790671f,0.5609375f,-1.2246467991473532e-16f,0.11320321376790671f,-0.9935718556765875f,-3.061616997868383e-17f,0f,0f,0f,1f], start_interpolation: 0, interpolation_duration: 1 }
$data merge entity $(bone_leftleg) { transformation: [-1f,-5.1658932803705586e-17f,1.1103581624053028e-16f,0.125f,0f,0.9066762459007588f,0.42182719817397596f,0.3109375f,-1.2246467991473532e-16f,0.42182719817397596f,-0.9066762459007588f,-0.044999999999999984f,0f,0f,0f,1f], start_interpolation: 0, interpolation_duration: 1 }
$data merge entity $(bone_rightleg) { transformation: [-1f,5.843509484370488e-17f,1.0762405640573948e-16f,-0.125f,0f,0.8788171126619654f,-0.4771587602596084f,0.28930288461538456f,-1.2246467991473532e-16f,-0.4771587602596084f,-0.8788171126619654f,0.0346153846153846f,0f,0f,0f,1f], start_interpolation: 0, interpolation_duration: 1 }