# This file was generated by Animated Java via MC-Build. It is not recommended to edit this file directly.
$data merge entity $(bone_main) { transformation: [-1f,0f,1.2246467991473532e-16f,0.005208124999999999f,0f,1f,0f,0.6510414583333334f,-1.2246467991473532e-16f,0f,-1f,0.005208125000000001f,0f,0f,0f,1f], start_interpolation: 0, interpolation_duration: 1 }
$data merge entity $(bone_leftpupil) { transformation: [-1f,0f,1.2246467991473532e-16f,0.10625000000000004f,0f,1f,0f,0.5354166666666667f,-1.2246467991473532e-16f,0f,-1f,-0.27734375f,0f,0f,0f,1f], start_interpolation: 0, interpolation_duration: 1 }
$data merge entity $(bone_rightpupil) { transformation: [-1f,0f,1.2246467991473532e-16f,-0.10624999999999996f,0f,1f,0f,0.5354166666666667f,-1.2246467991473532e-16f,0f,-1f,-0.27734375f,0f,0f,0f,1f], start_interpolation: 0, interpolation_duration: 1 }
$data merge entity $(bone_eyes) { transformation: [-1f,0f,1.2246467991473532e-16f,3.348643591418544e-17f,0f,1f,0f,0.5510416666666667f,-1.2246467991473532e-16f,0f,-1f,-0.2734375f,0f,0f,0f,1f], start_interpolation: 0, interpolation_duration: 1 }
$data merge entity $(bone_rightarm) { transformation: [-1f,-1.3509391803743046e-17f,1.2171727141088703e-16f,0.25f,0f,0.99389694641452f,0.1103125555315117f,0.5367708333333333f,-1.2246467991473532e-16f,0.1103125555315117f,-0.99389694641452f,3.061616997868383e-17f,0f,0f,0f,1f], start_interpolation: 0, interpolation_duration: 1 }
$data merge entity $(bone_leftarm) { transformation: [-1f,1.3863395339406054e-17f,1.2167745927772288e-16f,-0.25f,0f,0.9935718556765875f,-0.11320321376790671f,0.5338541666666666f,-1.2246467991473532e-16f,-0.11320321376790671f,-0.9935718556765875f,-3.061616997868383e-17f,0f,0f,0f,1f], start_interpolation: 0, interpolation_duration: 1 }
$data merge entity $(bone_leftleg) { transformation: [-1f,1.9157696688784726e-17f,1.2095693648649962e-16f,0.125f,0f,0.9876883405951378f,-0.15643446504023087f,0.3046875f,-1.2246467991473532e-16f,-0.15643446504023087f,-0.9876883405951378f,0.010000000000000016f,0f,0f,0f,1f], start_interpolation: 0, interpolation_duration: 1 }
$data merge entity $(bone_rightleg) { transformation: [-1f,-6.705643949246732e-17f,1.0247454195658376e-16f,-0.125f,0f,0.8367681361510153f,0.5475573817622732f,0.3109375f,-1.2246467991473532e-16f,0.5475573817622732f,-0.8367681361510153f,-0.015000000000000015f,0f,0f,0f,1f], start_interpolation: 0, interpolation_duration: 1 }