# This file was generated by Animated Java via MC-Build. It is not recommended to edit this file directly.
$data merge entity $(bone_rightarm) { transformation: [-1f,6.90708826014066e-17f,1.0112769651920924e-16f,0.25f,0f,0.8257703085462541f,-0.5640065580500144f,0.5609375f,-1.2246467991473532e-16f,-0.5640065580500144f,-0.8257703085462541f,3.061616997868383e-17f,0f,0f,0f,1f], start_interpolation: 0, interpolation_duration: 1 }
$data merge entity $(bone_leftarm) { transformation: [-1f,-1.1737719403576166e-17f,1.2190087682138094e-16f,-0.25f,0f,0.9953961983671789f,0.09584575252022398f,0.5609375f,-1.2246467991473532e-16f,0.09584575252022398f,-0.9953961983671789f,-3.061616997868383e-17f,0f,0f,0f,1f], start_interpolation: 0, interpolation_duration: 1 }
$data merge entity $(bone_leftleg) { transformation: [-1f,-4.3388138565049604e-17f,1.1452103413119632e-16f,0.125f,0f,0.9351352096860117f,0.3542910379977159f,0.3109375f,-1.2246467991473532e-16f,0.3542910379977159f,-0.9351352096860117f,-0.04999999999999999f,0f,0f,0f,1f], start_interpolation: 0, interpolation_duration: 1 }
$data merge entity $(bone_rightleg) { transformation: [-1f,6.261534412904341e-17f,1.0524693110119669e-16f,-0.125f,0f,0.8594064115014526f,-0.5112930860770522f,0.2868990384615384f,-1.2246467991473532e-16f,-0.5112930860770522f,-0.8594064115014526f,0.03846153846153846f,0f,0f,0f,1f], start_interpolation: 0, interpolation_duration: 1 }