# This file was generated by Animated Java via MC-Build. It is not recommended to edit this file directly.
$data merge entity $(bone_rightarm) { transformation: [-1f,6.307397298776125e-17f,1.0497271911386187e-16f,0.25f,0f,0.8571673007021123f,-0.515038074910054f,0.5609375f,-1.2246467991473532e-16f,-0.515038074910054f,-0.8571673007021123f,3.061616997868383e-17f,0f,0f,0f,1f], start_interpolation: 0, interpolation_duration: 1 }
$data merge entity $(bone_leftarm) { transformation: [-1f,-9.608468044710109e-18f,1.220871621770789e-16f,-0.25f,0f,0.996917333733128f,0.07845909572784494f,0.5609375f,-1.2246467991473532e-16f,0.07845909572784494f,-0.996917333733128f,-3.061616997868383e-17f,0f,0f,0f,1f], start_interpolation: 0, interpolation_duration: 1 }
$data merge entity $(bone_leftleg) { transformation: [-1f,-3.488430465778399e-17f,1.1739115433098648e-16f,0.125f,0f,0.9585715196636188f,0.28485196451802924f,0.3109375f,-1.2246467991473532e-16f,0.28485196451802924f,-0.9585715196636188f,-0.044999999999999984f,0f,0f,0f,1f], start_interpolation: 0, interpolation_duration: 1 }
$data merge entity $(bone_rightleg) { transformation: [-1f,6.669904509218562e-17f,1.0270752265734563e-16f,-0.125f,0f,0.8386705679454239f,-0.5446390350150272f,0.28449519230769227f,-1.2246467991473532e-16f,-0.5446390350150272f,-0.8386705679454239f,0.04230769230769231f,0f,0f,0f,1f], start_interpolation: 0, interpolation_duration: 1 }