# This file was generated by Animated Java via MC-Build. It is not recommended to edit this file directly.
$data merge entity $(bone_rightarm) { transformation: [-1f,5.686364101512072e-17f,1.0846254725536394e-16f,0.25f,0f,0.885663910042306f,-0.4643268659560569f,0.5609375f,-1.2246467991473532e-16f,-0.4643268659560569f,-0.885663910042306f,3.061616997868383e-17f,0f,0f,0f,1f], start_interpolation: 0, interpolation_duration: 1 }
$data merge entity $(bone_leftarm) { transformation: [-1f,-7.476289853398308e-18f,1.2223625860049279e-16f,-0.25f,0f,0.9981347984218669f,0.06104853953485684f,0.5609375f,-1.2246467991473532e-16f,0.06104853953485684f,-0.9981347984218669f,-3.061616997868383e-17f,0f,0f,0f,1f], start_interpolation: 0, interpolation_duration: 1 }
$data merge entity $(bone_leftleg) { transformation: [-1f,-2.619310556118354e-17f,1.196307612935706e-16f,0.125f,0f,0.9768592983451408f,0.21388293816160056f,0.3109375f,-1.2246467991473532e-16f,0.21388293816160056f,-0.9768592983451408f,-0.03999999999999998f,0f,0f,0f,1f], start_interpolation: 0, interpolation_duration: 1 }
$data merge entity $(bone_rightleg) { transformation: [-1f,7.06799009622389e-17f,1.0000974665794668e-16f,-0.125f,0f,0.8166415551616789f,-0.5771451900372336f,0.2820913461538461f,-1.2246467991473532e-16f,-0.5771451900372336f,-0.8166415551616789f,0.046153846153846156f,0f,0f,0f,1f], start_interpolation: 0, interpolation_duration: 1 }