# This file was generated by Animated Java via MC-Build. It is not recommended to edit this file directly.
$data merge entity $(bone_rightarm) { transformation: [-1f,5.046090048104619e-17f,1.1158537246996368e-16f,0.25f,0f,0.911163713061217f,-0.41204452186686835f,0.5609375f,-1.2246467991473532e-16f,-0.41204452186686835f,-0.911163713061217f,3.061616997868383e-17f,0f,0f,0f,1f], start_interpolation: 0, interpolation_duration: 1 }
$data merge entity $(bone_leftarm) { transformation: [-1f,-5.341834311772728e-18f,1.223481206754078e-16f,-0.25f,0f,0.9990482215818578f,0.043619387365336035f,0.5609375f,-1.2246467991473532e-16f,0.043619387365336035f,-0.9990482215818578f,-3.061616997868383e-17f,0f,0f,0f,1f], start_interpolation: 0, interpolation_duration: 1 }
$data merge entity $(bone_leftleg) { transformation: [-1f,-1.7361222101489653e-17f,1.2122782598793614e-16f,0.125f,0f,0.9899003212382514f,0.14176513680170652f,0.3109375f,-1.2246467991473532e-16f,0.14176513680170652f,-0.9899003212382514f,-0.034999999999999996f,0f,0f,0f,1f], start_interpolation: 0, interpolation_duration: 1 }
$data merge entity $(bone_rightleg) { transformation: [-1f,7.455177354798984e-17f,9.71577628780522e-17f,-0.125f,0f,0.7933533402912352f,-0.6087614290087207f,0.2796875f,-1.2246467991473532e-16f,-0.6087614290087207f,-0.7933533402912352f,0.04999999999999999f,0f,0f,0f,1f], start_interpolation: 0, interpolation_duration: 1 }