# This file was generated by Animated Java via MC-Build. It is not recommended to edit this file directly.
$data merge entity $(bone_rightarm) { transformation: [-1f,4.388741623276522e-17f,1.143306281056419e-16f,0.25f,0f,0.9335804264972017f,-0.3583679495453003f,0.5609375f,-1.2246467991473532e-16f,-0.3583679495453003f,-0.9335804264972017f,3.061616997868383e-17f,0f,0f,0f,1f], start_interpolation: 0, interpolation_duration: 1 }
$data merge entity $(bone_leftarm) { transformation: [-1f,-3.2057515956682613e-18f,1.2242271432755217e-16f,-0.25f,0f,0.9996573249755573f,0.02617694830787318f,0.5609375f,-1.2246467991473532e-16f,0.02617694830787318f,-0.9996573249755573f,-3.061616997868383e-17f,0f,0f,0f,1f], start_interpolation: 0, interpolation_duration: 1 }
$data merge entity $(bone_leftleg) { transformation: [-1f,-8.436090727066162e-18f,1.221737705068616e-16f,0.125f,0f,0.997624544414959f,0.06888590843449473f,0.3109375f,-1.2246467991473532e-16f,0.06888590843449473f,-0.997624544414959f,-0.029999999999999992f,0f,0f,0f,1f], start_interpolation: 0, interpolation_duration: 1 }
$data merge entity $(bone_rightleg) { transformation: [-1f,6.515513795482267e-17f,1.0369380803455241e-16f,-0.125f,0f,0.8467241992282842f,-0.5320320765153366f,0.28593749999999996f,-1.2246467991473532e-16f,-0.5320320765153366f,-0.8467241992282842f,0.03999999999999998f,0f,0f,0f,1f], start_interpolation: 0, interpolation_duration: 1 }