# This file was generated by Animated Java via MC-Build. It is not recommended to edit this file directly.
$data merge entity $(bone_main) { transformation: [-1f,0f,1.2246467991473532e-16f,0.005208124999999999f,0f,1f,0f,0.6475692361111112f,-1.2246467991473532e-16f,0f,-1f,0.005208125000000001f,0f,0f,0f,1f], start_interpolation: 0, interpolation_duration: 1 }
$data merge entity $(bone_leftpupil) { transformation: [-1f,0f,1.2246467991473532e-16f,0.10625000000000004f,0f,1f,0f,0.5315972222222223f,-1.2246467991473532e-16f,0f,-1f,-0.27734375f,0f,0f,0f,1f], start_interpolation: 0, interpolation_duration: 1 }
$data merge entity $(bone_rightpupil) { transformation: [-1f,0f,1.2246467991473532e-16f,-0.10624999999999996f,0f,1f,0f,0.5315972222222223f,-1.2246467991473532e-16f,0f,-1f,-0.27734375f,0f,0f,0f,1f], start_interpolation: 0, interpolation_duration: 1 }
$data merge entity $(bone_eyes) { transformation: [-1f,0f,1.2246467991473532e-16f,3.348643591418544e-17f,0f,1f,0f,0.5472222222222223f,-1.2246467991473532e-16f,0f,-1f,-0.2734375f,0f,0f,0f,1f], start_interpolation: 0, interpolation_duration: 1 }
$data merge entity $(bone_rightarm) { transformation: [-1f,-1.798398293940211e-17f,1.2113700584154237e-16f,0.25f,0f,0.9891587184638271f,0.14685036495357892f,0.5287152777777777f,-1.2246467991473532e-16f,0.14685036495357892f,-0.9891587184638271f,3.061616997868383e-17f,0f,0f,0f,1f], start_interpolation: 0, interpolation_duration: 1 }
$data merge entity $(bone_leftarm) { transformation: [-1f,1.845367751835686e-17f,1.2106634384777244e-16f,-0.25f,0f,0.9885817194971117f,-0.15068571224948313f,0.5248263888888889f,-1.2246467991473532e-16f,-0.15068571224948313f,-0.9885817194971117f,-3.061616997868383e-17f,0f,0f,0f,1f], start_interpolation: 0, interpolation_duration: 1 }
$data merge entity $(bone_leftleg) { transformation: [-1f,2.5461838666528304e-17f,1.1978853283323184e-16f,0.125f,0f,0.9781476007338057f,-0.2079116908177593f,0.3026041666666667f,-1.2246467991473532e-16f,-0.2079116908177593f,-0.9781476007338057f,0.01333333333333335f,0f,0f,0f,1f], start_interpolation: 0, interpolation_duration: 1 }
$data merge entity $(bone_rightleg) { transformation: [-1f,-8.06912791472091e-17f,9.212228447127087e-17f,-0.125f,0f,0.7522355387317388f,0.658894296734287f,0.3109375f,-1.2246467991473532e-16f,0.658894296734287f,-0.7522355387317388f,-0.020000000000000018f,0f,0f,0f,1f], start_interpolation: 0, interpolation_duration: 1 }