# This file was generated by Animated Java via MC-Build. It is not recommended to edit this file directly.
$data merge entity $(bone_main) { transformation: [-1f,0f,1.2246467991473532e-16f,0.005208124999999999f,0f,1f,0f,0.6440970138888888f,-1.2246467991473532e-16f,0f,-1f,0.005208125000000001f,0f,0f,0f,1f], start_interpolation: 0, interpolation_duration: 1 }
$data merge entity $(bone_leftpupil) { transformation: [-1f,0f,1.2246467991473532e-16f,0.10625000000000004f,0f,1f,0f,0.5277777777777777f,-1.2246467991473532e-16f,0f,-1f,-0.27734375f,0f,0f,0f,1f], start_interpolation: 0, interpolation_duration: 1 }
$data merge entity $(bone_rightpupil) { transformation: [-1f,0f,1.2246467991473532e-16f,-0.10624999999999996f,0f,1f,0f,0.5277777777777777f,-1.2246467991473532e-16f,0f,-1f,-0.27734375f,0f,0f,0f,1f], start_interpolation: 0, interpolation_duration: 1 }
$data merge entity $(bone_eyes) { transformation: [-1f,0f,1.2246467991473532e-16f,3.348643591418544e-17f,0f,1f,0f,0.5434027777777777f,-1.2246467991473532e-16f,0f,-1f,-0.2734375f,0f,0f,0f,1f], start_interpolation: 0, interpolation_duration: 1 }
$data merge entity $(bone_rightarm) { transformation: [-1f,-2.2434161495830858e-17f,1.2039230135103141e-16f,0.25f,0f,0.98307774482286f,0.1831888305383266f,0.5206597222222222f,-1.2246467991473532e-16f,0.1831888305383266f,-0.98307774482286f,3.061616997868383e-17f,0f,0f,0f,1f], start_interpolation: 0, interpolation_duration: 1 }
$data merge entity $(bone_leftarm) { transformation: [-1f,2.3017573906702564e-17f,1.2028212301945814e-16f,-0.25f,0f,0.9821780704706307f,-0.1879527544001119f,0.515798611111111f,-1.2246467991473532e-16f,-0.1879527544001119f,-0.9821780704706307f,-3.061616997868383e-17f,0f,0f,0f,1f], start_interpolation: 0, interpolation_duration: 1 }
$data merge entity $(bone_leftleg) { transformation: [-1f,3.169619151431765e-17f,1.1829179713786698e-16f,0.125f,0f,0.9659258262890683f,-0.25881904510252074f,0.30052083333333335f,-1.2246467991473532e-16f,-0.25881904510252074f,-0.9659258262890683f,0.01666666666666668f,0f,0f,0f,1f], start_interpolation: 0, interpolation_duration: 1 }
$data merge entity $(bone_rightleg) { transformation: [-1f,-8.154698508788285e-17f,9.136567763495868e-17f,-0.125f,0f,0.7460573750616996f,0.6658816660008342f,0.3109375f,-1.2246467991473532e-16f,0.6658816660008342f,-0.7460573750616996f,-0.025000000000000015f,0f,0f,0f,1f], start_interpolation: 0, interpolation_duration: 1 }