# This file was generated by Animated Java via MC-Build. It is not recommended to edit this file directly.
$data merge entity $(bone_main) { transformation: [-1f,0f,1.2246467991473532e-16f,0.005208124999999999f,0f,1f,0f,0.6406247916666666f,-1.2246467991473532e-16f,0f,-1f,0.005208125000000001f,0f,0f,0f,1f], start_interpolation: 0, interpolation_duration: 1 }
$data merge entity $(bone_leftpupil) { transformation: [-1f,0f,1.2246467991473532e-16f,0.10625000000000004f,0f,1f,0f,0.5239583333333333f,-1.2246467991473532e-16f,0f,-1f,-0.27734375f,0f,0f,0f,1f], start_interpolation: 0, interpolation_duration: 1 }
$data merge entity $(bone_rightpupil) { transformation: [-1f,0f,1.2246467991473532e-16f,-0.10624999999999996f,0f,1f,0f,0.5239583333333333f,-1.2246467991473532e-16f,0f,-1f,-0.27734375f,0f,0f,0f,1f], start_interpolation: 0, interpolation_duration: 1 }
$data merge entity $(bone_eyes) { transformation: [-1f,0f,1.2246467991473532e-16f,3.348643591418544e-17f,0f,1f,0f,0.5395833333333333f,-1.2246467991473532e-16f,0f,-1f,-0.2734375f,0f,0f,0f,1f], start_interpolation: 0, interpolation_duration: 1 }
$data merge entity $(bone_rightarm) { transformation: [-1f,-2.6853886523315113e-17f,1.194841688476406e-16f,0.25f,0f,0.9756622801842143f,0.21927862418790328f,0.5126041666666666f,-1.2246467991473532e-16f,0.21927862418790328f,-0.9756622801842143f,3.061616997868383e-17f,0f,0f,0f,1f], start_interpolation: 0, interpolation_duration: 1 }
$data merge entity $(bone_leftarm) { transformation: [-1f,2.7548558866703654e-17f,1.1932591810242374e-16f,-0.25f,0f,0.9743700647852352f,-0.22495105434386498f,0.5067708333333333f,-1.2246467991473532e-16f,-0.22495105434386498f,-0.9743700647852352f,-3.061616997868383e-17f,0f,0f,0f,1f], start_interpolation: 0, interpolation_duration: 1 }
$data merge entity $(bone_leftleg) { transformation: [-1f,3.631586906079478e-17f,1.1695621181013766e-16f,0.125f,0f,0.9550199444571866f,-0.29654157497557093f,0.29843749999999997f,-1.2246467991473532e-16f,-0.29654157497557093f,-0.9550199444571866f,0.020000000000000014f,0f,0f,0f,1f], start_interpolation: 0, interpolation_duration: 1 }
$data merge entity $(bone_rightleg) { transformation: [-1f,-7.463653129282382e-17f,9.709266719579759e-17f,-0.125f,0f,0.7928217937073553f,0.609453528517681f,0.3109375f,-1.2246467991473532e-16f,0.609453528517681f,-0.7928217937073553f,-0.030000000000000013f,0f,0f,0f,1f], start_interpolation: 0, interpolation_duration: 1 }