# This file was generated by Animated Java via MC-Build. It is not recommended to edit this file directly.
$data merge entity $(bone_main) { transformation: [-1f,0f,1.2246467991473532e-16f,0.005208124999999999f,0f,1f,0f,0.6371525694444444f,-1.2246467991473532e-16f,0f,-1f,0.005208125000000001f,0f,0f,0f,1f], start_interpolation: 0, interpolation_duration: 1 }
$data merge entity $(bone_leftpupil) { transformation: [-1f,0f,1.2246467991473532e-16f,0.10625000000000004f,0f,1f,0f,0.5201388888888888f,-1.2246467991473532e-16f,0f,-1f,-0.27734375f,0f,0f,0f,1f], start_interpolation: 0, interpolation_duration: 1 }
$data merge entity $(bone_rightpupil) { transformation: [-1f,0f,1.2246467991473532e-16f,-0.10624999999999996f,0f,1f,0f,0.5201388888888888f,-1.2246467991473532e-16f,0f,-1f,-0.27734375f,0f,0f,0f,1f], start_interpolation: 0, interpolation_duration: 1 }
$data merge entity $(bone_eyes) { transformation: [-1f,0f,1.2246467991473532e-16f,3.348643591418544e-17f,0f,1f,0f,0.5357638888888888f,-1.2246467991473532e-16f,0f,-1f,-0.2734375f,0f,0f,0f,1f], start_interpolation: 0, interpolation_duration: 1 }
$data merge entity $(bone_rightarm) { transformation: [-1f,-3.123715841165877e-17f,1.1841384108702628e-16f,0.25f,0f,0.9669223907617331f,0.2550707553672397f,0.504548611111111f,-1.2246467991473532e-16f,0.2550707553672397f,-0.9669223907617331f,3.061616997868383e-17f,0f,0f,0f,1f], start_interpolation: 0, interpolation_duration: 1 }
$data merge entity $(bone_leftarm) { transformation: [-1f,3.204015381866942e-17f,1.1819909631589653e-16f,-0.25f,0f,0.9651688666331495f,-0.2616277104629435f,0.49774305555555554f,-1.2246467991473532e-16f,-0.2616277104629435f,-0.9651688666331495f,-3.061616997868383e-17f,0f,0f,0f,1f], start_interpolation: 0, interpolation_duration: 1 }
$data merge entity $(bone_leftleg) { transformation: [-1f,4.087955016940687e-17f,1.1544028848095246e-16f,0.125f,0f,0.9426414910921784f,-0.33380685923377096f,0.29635416666666664f,-1.2246467991473532e-16f,-0.33380685923377096f,-0.9426414910921784f,0.023333333333333345f,0f,0f,0f,1f], start_interpolation: 0, interpolation_duration: 1 }
$data merge entity $(bone_rightleg) { transformation: [-1f,-6.732520128841614e-17f,1.0229816761845163e-16f,-0.125f,0f,0.8353279303851168f,0.5497519883715906f,0.3109375f,-1.2246467991473532e-16f,0.5497519883715906f,-0.8353279303851168f,-0.03500000000000001f,0f,0f,0f,1f], start_interpolation: 0, interpolation_duration: 1 }