# This file was generated by Animated Java via MC-Build. It is not recommended to edit this file directly.
$data merge entity $(bone_main) { transformation: [-1f,0f,1.2246467991473532e-16f,0.005208124999999999f,0f,1f,0f,0.6336803472222222f,-1.2246467991473532e-16f,0f,-1f,0.005208125000000001f,0f,0f,0f,1f], start_interpolation: 0, interpolation_duration: 1 }
$data merge entity $(bone_leftpupil) { transformation: [-1f,0f,1.2246467991473532e-16f,0.10625000000000004f,0f,1f,0f,0.5163194444444444f,-1.2246467991473532e-16f,0f,-1f,-0.27734375f,0f,0f,0f,1f], start_interpolation: 0, interpolation_duration: 1 }
$data merge entity $(bone_rightpupil) { transformation: [-1f,0f,1.2246467991473532e-16f,-0.10624999999999996f,0f,1f,0f,0.5163194444444444f,-1.2246467991473532e-16f,0f,-1f,-0.27734375f,0f,0f,0f,1f], start_interpolation: 0, interpolation_duration: 1 }
$data merge entity $(bone_eyes) { transformation: [-1f,0f,1.2246467991473532e-16f,3.348643591418544e-17f,0f,1f,0f,0.5319444444444444f,-1.2246467991473532e-16f,0f,-1f,-0.2734375f,0f,0f,0f,1f], start_interpolation: 0, interpolation_duration: 1 }
$data merge entity $(bone_rightarm) { transformation: [-1f,-3.557802703442863e-17f,1.1718277099879504e-16f,0.25f,0f,0.9568699406260014f,0.2905166376068548f,0.49649305555555556f,-1.2246467991473532e-16f,0.2905166376068548f,-0.9568699406260014f,3.061616997868383e-17f,0f,0f,0f,1f], start_interpolation: 0, interpolation_duration: 1 }
$data merge entity $(bone_leftarm) { transformation: [-1f,3.648593650428484e-17f,1.1690326883378355e-16f,-0.25f,0f,0.9545876322477319f,-0.297930281038482f,0.48871527777777773f,-1.2246467991473532e-16f,-0.297930281038482f,-0.9545876322477319f,-3.061616997868383e-17f,0f,0f,0f,1f], start_interpolation: 0, interpolation_duration: 1 }
$data merge entity $(bone_leftleg) { transformation: [-1f,4.538019797466663e-17f,1.1374636459420863e-16f,0.125f,0f,0.9288095528719242f,-0.3705574375098362f,0.2942708333333333f,-1.2246467991473532e-16f,-0.3705574375098362f,-0.9288095528719242f,0.026666666666666682f,0f,0f,0f,1f], start_interpolation: 0, interpolation_duration: 1 }
$data merge entity $(bone_rightleg) { transformation: [-1f,-5.965226456115249e-17f,1.0695421992303459e-16f,-0.125f,0f,0.8733474826986873f,0.4870977052541575f,0.3109375f,-1.2246467991473532e-16f,0.4870977052541575f,-0.8733474826986873f,-0.04000000000000002f,0f,0f,0f,1f], start_interpolation: 0, interpolation_duration: 1 }