# This file was generated by Animated Java via MC-Build. It is not recommended to edit this file directly.
$data merge entity $(bone_main) { transformation: [-1f,0f,1.2246467991473532e-16f,0.005208124999999999f,0f,1f,0f,0.630208125f,-1.2246467991473532e-16f,0f,-1f,0.005208125000000001f,0f,0f,0f,1f], start_interpolation: 0, interpolation_duration: 1 }
$data merge entity $(bone_leftpupil) { transformation: [-1f,0f,1.2246467991473532e-16f,0.10625000000000004f,0f,1f,0f,0.5125f,-1.2246467991473532e-16f,0f,-1f,-0.27734375f,0f,0f,0f,1f], start_interpolation: 0, interpolation_duration: 1 }
$data merge entity $(bone_rightpupil) { transformation: [-1f,0f,1.2246467991473532e-16f,-0.10624999999999996f,0f,1f,0f,0.5125f,-1.2246467991473532e-16f,0f,-1f,-0.27734375f,0f,0f,0f,1f], start_interpolation: 0, interpolation_duration: 1 }
$data merge entity $(bone_eyes) { transformation: [-1f,0f,1.2246467991473532e-16f,3.348643591418544e-17f,0f,1f,0f,0.528125f,-1.2246467991473532e-16f,0f,-1f,-0.2734375f,0f,0f,0f,1f], start_interpolation: 0, interpolation_duration: 1 }
$data merge entity $(bone_rightarm) { transformation: [-1f,-3.98705998260268e-17f,1.157926297142068e-16f,0.25f,0f,0.9455185755993168f,0.3255681544571567f,0.48843749999999997f,-1.2246467991473532e-16f,0.3255681544571567f,-0.9455185755993168f,3.061616997868383e-17f,0f,0f,0f,1f], start_interpolation: 0, interpolation_duration: 1 }
$data merge entity $(bone_leftarm) { transformation: [-1f,4.087955016940687e-17f,1.1544028848095246e-16f,-0.25f,0f,0.9426414910921784f,-0.33380685923377096f,0.4796875f,-1.2246467991473532e-16f,-0.33380685923377096f,-0.9426414910921784f,-3.061616997868383e-17f,0f,0f,0f,1f], start_interpolation: 0, interpolation_duration: 1 }
$data merge entity $(bone_leftleg) { transformation: [-1f,4.981087280387182e-17f,1.1187705205776151e-16f,0.125f,0f,0.9135454576426009f,-0.4067366430758002f,0.2921875f,-1.2246467991473532e-16f,-0.4067366430758002f,-0.9135454576426009f,0.030000000000000013f,0f,0f,0f,1f], start_interpolation: 0, interpolation_duration: 1 }
$data merge entity $(bone_rightleg) { transformation: [-1f,-5.165893280370558e-17f,1.1103581624053028e-16f,-0.125f,0f,0.9066762459007588f,0.4218271981739759f,0.3109375f,-1.2246467991473532e-16f,0.4218271981739759f,-0.9066762459007588f,-0.04500000000000002f,0f,0f,0f,1f], start_interpolation: 0, interpolation_duration: 1 }